vars
0.896167733586935
1.78593713853661
14.3263801591249
-14.8300882408891
7.00868571723014
-1.95938852633234
11.4643692511506
-1.93901339202507
-21.7201427686341
18.9381281934001
-2.99870368492305
-16.5408549351829
2.32967759426865
0.501851370957174
11.9919612642125
27.8084557232733
-15.6795280210043
-8.02007293406503
21.721730017685
9.17547317749502
-6.87455051993336
3.17745879891953
-23.8803013621259
18.9347580104189
10.4856899467829
21.4037956876857
-9.17876673032488
6.45646215461127
1.46672573402176
20.3457880971384
-4.77963777366589
36.8358984757536
4.96566635888157
15.6006436588706
-0.237660096588454
1.88239767681639
-18.0493064354951
-6.21992366531024
-8.05114485636664
-10.8140430639349
1.46505296359312
-4.76994778598764
12.8407483854118
-8.29052672939343
-12.2541239311632
21.7370381070569
-17.872514778355
-10.4089163432564
14.1849716535677
3.06529621496918
19.9178495821015
-8.2582478587037
-2.68748358814044
2.62444756993205
4.16193278306175
-4.83638864786198
-17.4439388331043
-4.78955236610929
-9.27414651632333
-2.43821747427833
-3.93199605286344
-1.96303086309389
4.72745285519869
-1.46626779173484
-1.40572970364848
1.79850086076194
6.24877261411721
9.22016010545154
-10.4293052567785
-8.32188027814035
2.93394835950918
-4.83550327685634
-13.9392039986264
-5.39353031969171
11.9271412016073
-11.8470013078538
-13.1646309058741
25.4366157150523
4.49028685743021
3.54982428193891
0.693094759451528
-7.49100642035424
-0.107294440685905
-15.2818522262296
9.50743875214355
1.04723630270712
6.57172808247996
-4.30106048933633
-12.197049236993
3.7985181013026
-1.67832978031659
0.0142536288470754
4.43884315422283
-11.6995151096769
-8.61434998537836
-0.0256275345969585
10.3809551917955
-9.13959706741612
18.1219408548948
-7.19331054618225
-14.2179731784638
1.87622626922003
-15.5337144871282
-148.300882408891
70.0868571723014
-19.5938852633234
114.643692511506
-19.3901339202507
-217.201427686341
189.381281934001
-29.9870368492305
-165.408549351829
23.2967759426865
5.01851370957174
119.919612642125
278.084557232733
-156.795280210043
-80.2007293406503
217.21730017685
91.7547317749502
-68.7455051993336
31.7745879891953
-238.803013621259
189.347580104189
104.856899467829
214.037956876857
-91.7876673032488
64.5646215461127
14.6672573402176
203.457880971384
-47.7963777366589
368.358984757535
49.6566635888157
156.006436588706
-2.37660096588454
18.8239767681639
-180.493064354951
-62.1992366531024
-80.5114485636664
-108.140430639349
14.6505296359312
-47.6994778598763
128.407483854118
-82.9052672939343
-122.541239311632
217.370381070569
-178.72514778355
-104.089163432564
141.849716535676
30.6529621496918
199.178495821015
-82.5824785870369
-26.8748358814044
26.2444756993205
41.6193278306175
-48.3638864786198
-174.439388331043
-47.8955236610929
-92.7414651632333
-24.3821747427833
-39.3199605286344
-19.6303086309389
47.2745285519869
-14.6626779173484
-14.0572970364848
17.9850086076194
62.4877261411721
92.2016010545154
-104.293052567785
-83.2188027814035
29.3394835950918
-48.3550327685634
-139.392039986264
-53.9353031969171
119.271412016073
-118.470013078538
-131.646309058741
254.366157150523
44.9028685743021
35.4982428193891
6.93094759451528
-74.9100642035424
-1.07294440685905
-152.818522262296
95.0743875214355
10.4723630270712
65.7172808247996
-43.0106048933633
-121.97049236993
37.985181013026
-16.7832978031659
0.142536288470754
44.3884315422283
-116.995151096769
-86.1434998537836
-0.256275345969585
103.809551917955
-91.3959706741612
181.219408548948
-71.9331054618225
-142.179731784638
18.7622626922003
-155.337144871282
