vars
0.851070301175368
1.46054489679231
7.89160774605592
12.7335077220077
1.91786014222105
-7.06127548287314
5.84858977578555
1.45172136427018
3.00022291232633
-7.18756770686362
-7.78129750837019
12.0503045266132
10.3703467069405
-7.72972133562438
-16.5673359894369
-2.49528783586655
11.6572126011085
-0.680371885614185
-26.861539238375
5.38666910143862
7.06360355004579
-20.2478989149829
13.8479594554736
-0.123104972217091
-6.36745933470725
-7.29058605706924
12.3164429593111
-0.873122286749719
4.11238872964299
-0.671299291368059
-16.4180270961663
20.1835240141246
0.819831868975825
9.97117339922833
-0.888009600489559
4.14973644917938
12.2066492242682
-5.21167674643499
-8.15967921700461
-14.0063643156718
-6.97128268510929
13.1375731464806
-10.9526769417133
3.98194835180073
5.52264450100597
8.32341941172085
17.3156062200083
-8.51737033472794
6.06028290919467
1.18753966763875
-8.13683326039902
-9.06074442452068
-4.35622624845593
0.0127335077220077
0.00191786014222105
-0.00706127548287314
0.00584858977578555
0.00145172136427018
0.00300022291232633
-0.00718756770686362
-0.00778129750837019
0.0120503045266132
0.0103703467069405
-0.00772972133562438
-0.0165673359894369
-0.00249528783586655
0.0116572126011085
-0.000680371885614185
-0.026861539238375
0.00538666910143863
0.00706360355004579
-0.0202478989149829
0.0138479594554736
-0.000123104972217091
-0.00636745933470725
-0.00729058605706924
0.0123164429593111
-0.000873122286749719
0.00411238872964299
-0.000671299291368059
-0.0164180270961663
0.0201835240141246
0.000819831868975825
0.00997117339922833
-0.000888009600489559
0.00414973644917938
0.0122066492242682
-0.00521167674643499
-0.0081596792170046
-0.0140063643156718
-0.00697128268510928
0.0131375731464806
-0.0109526769417133
0.00398194835180073
0.00552264450100597
0.00832341941172085
0.0173156062200083
-0.00851737033472794
0.00606028290919467
0.00118753966763875
-0.00813683326039902
-0.00906074442452068
-0.00435622624845593
