vars
1.12241928774657
1.69850841226302
0.538295799962031
-1.52560608186407
-0.1621927331351
-1.33511610143556
1.25529777441896
0.108745371116501
1.0140572951653
-0.453689965080145
0.746285878767477
1.64281606503356
0.256494661716121
-0.915717633105119
1.54936975041984
0.289549959898786
0.0327454913844277
-0.430136897573803
-0.0042874900533722
2.87319381897154
0.177237655727858
0.462717528022322
1.67043339268658
1.39646177842837
1.06201439909603
0.973680860081818
0.188732027521476
-2.32254713945147
-1.902383973131
0.399988454086064
2.48114091591439
-1.9544544845173
-15.0538831098132
-12.3857808109002
-3.37541575146372
9.07241580302492
-10.5119600681151
5.35448372019727
-16.3199710729143
-27.8020081383652
-2.29326735078003
5.54783466096685
7.85183053412558
25.9507483157353
-10.9477453615496
5.89107512887179
20.705073823731
5.78678585155225
0.307030495158461
-4.82274279117055
-11.420582716809
-14.8444435511844
1.94748568498646
-0.361144481154645
-9.83201487293639
1.33526655645961
4.19272413123871
4.1307341047852
-6.52389025083393
11.1623321233345
7.00391307622957
14.5090026632927
1.84761205823005
-19.2946689503377
-5.83852663609231
-10.7189574565375
26.6838092090413
8.50428373149105
-11.2728997477212
-5.53405505222362
6.55779500171176
2.57449040326596
-1.9724907216758
11.794314639458
-1.37815837268597
-14.2719703484305
5.37266017348664
24.7209907485556
-1.43823060259854
-9.77086036128439
11.1354304231645
-0.019544544845173
-0.150538831098132
-0.123857808109002
-0.0337541575146372
0.0907241580302492
-0.105119600681151
0.0535448372019727
-0.163199710729143
-0.278020081383652
-0.0229326735078003
0.0554783466096685
0.0785183053412558
0.259507483157353
-0.109477453615496
0.0589107512887179
0.20705073823731
0.0578678585155225
0.00307030495158461
-0.0482274279117055
-0.11420582716809
-0.148444435511844
0.0194748568498646
-0.00361144481154645
-0.0983201487293639
0.0133526655645961
0.0419272413123871
0.041307341047852
-0.0652389025083393
0.111623321233345
0.0700391307622957
0.145090026632927
0.0184761205823005
-0.192946689503377
-0.0583852663609231
-0.107189574565375
0.266838092090413
0.0850428373149105
-0.112728997477212
-0.0553405505222362
0.0655779500171176
0.0257449040326596
-0.019724907216758
0.11794314639458
-0.0137815837268597
-0.142719703484305
0.0537266017348664
0.247209907485556
-0.0143823060259854
-0.0977086036128439
0.111354304231645
