vars
0.380470068822291
2.12500000000002
-1.3202993117777
1.91876055057771
0.157820412933811
-0.603119724711045
0.135940137644474
1.11405986235567
2.35311972471122
0.592179587066485
-4.16876055057795
2.07029931177772
-1.20076938060015
1.03829048175559
1.27735034411112
-1.98358979353333
-2.24452993117778
0.994529931177758
2.23358979353329
-1.52735034411121
-0.288290481755586
-0.549230619400107
-13.202993117777
19.1876055057771
1.57820412933811
-6.03119724711045
1.35940137644474
11.1405986235567
23.5311972471122
5.92179587066485
-41.6876055057795
20.7029931177772
-12.0076938060015
10.3829048175559
12.7735034411112
-19.8358979353333
-22.4452993117778
9.94529931177758
22.3358979353329
-15.2735034411121
-2.88290481755586
-5.49230619400107
