vars
0.248027965048242
0.328448077223058
0.0770327305967912
-0.259680320698734
-0.0742580500085976
-0.218011718851445
0.305593296532861
0.0649333656895842
0.169301232419077
-0.0428681317187031
0.109771500783654
0.320752217451842
0.0426084841645276
-0.0899601730826189
0.235478272638151
0.0598666144534221
0.00526693547790062
-0.0951239912398558
0.0157810135631432
0.472323804625252
0.0211089122731325
0.0751874800071724
0.307825853535539
0.211262338668473
0.14524170347711
0.195817949939216
0.0400294507778777
-0.397188436749094
-0.269079674730082
0.0883931094692633
2.23771325786495
1.0131239384037
-21.2290928031326
-14.6988225857708
-8.97144514763302
11.8531196527
-8.37174431911016
11.7764047050108
-21.4434955391664
-44.6039609144366
-5.60626271995274
8.20069276525404
11.0204709875343
39.4705253784434
-17.270610831625
8.32715632810039
34.6046511239335
6.72959660949687
-0.334074981092494
-2.65403263799977
-17.4442808165698
-21.4757243698731
0.316142844339269
1.5411337823588
-12.9639368912856
5.50578283704983
9.15145591374576
5.91663097146014
-7.39275392984202
19.5465000179369
7.22440703622564
13.229171439827
7.80053277903853
-31.4079958194358
-11.9179253221228
-19.7793514807625
34.9469010671252
17.0662581485913
-17.8936592280836
-9.76591450137619
7.54606093662558
1.57100954449263
-2.71639645132646
19.8441006310042
-9.63278925243979
-28.3598754326725
9.17194642264709
45.2272218718822
-5.00995070193063
-15.6107774867463
17.9538764311596
0.0010131239384037
-0.0212290928031326
-0.0146988225857708
-0.00897144514763302
0.0118531196527
-0.00837174431911016
0.0117764047050108
-0.0214434955391664
-0.0446039609144366
-0.00560626271995274
0.00820069276525404
0.0110204709875343
0.0394705253784434
-0.017270610831625
0.00832715632810039
0.0346046511239335
0.00672959660949687
-0.000334074981092494
-0.00265403263799977
-0.0174442808165698
-0.0214757243698731
0.000316142844339269
0.0015411337823588
-0.0129639368912856
0.00550578283704983
0.00915145591374576
0.00591663097146014
-0.00739275392984202
0.0195465000179369
0.00722440703622564
0.013229171439827
0.00780053277903853
-0.0314079958194358
-0.0119179253221228
-0.0197793514807625
0.0349469010671252
0.0170662581485913
-0.0178936592280836
-0.00976591450137619
0.00754606093662558
0.00157100954449263
-0.00271639645132646
0.0198441006310042
-0.00963278925243979
-0.0283598754326725
0.00917194642264709
0.0452272218718822
-0.00500995070193063
-0.0156107774867463
0.0179538764311596
