vars
0.884520443907655
1.76789231800396
14.3659587510067
-14.8782139974379
6.95852802899974
-1.62316774081627
11.4205067677198
-1.92725751486414
-21.6085073695795
19.0191490252109
-3.1745021380929
-16.1519882347921
2.15372328706124
0.0916278764703077
12.0747642062207
27.683489462739
-15.8415176755156
-7.83514133773821
22.0373001664911
9.14426252755541
-6.8415438431114
3.1133405127625
-23.7815189172964
19.3274140031514
10.5659006556893
21.1878034070438
-9.08958425403898
6.67519363809469
1.64728494548775
20.4108949580933
-4.64502726969424
36.551396800736
4.54794090382056
15.1469762189848
-0.337587992128036
1.8277384136385
-18.4094484388026
-6.06433443068264
-8.12854132656988
-10.902500534497
1.42842719571064
-4.53384303469483
12.9165456094468
-8.19530367542361
-12.569804049061
21.8093810229911
-18.0745569441842
-10.5773070307681
14.2894212172139
2.93339636008211
19.9506357097617
-8.53632669423579
-2.79632441565563
2.91016572619127
4.39714614768443
-4.80457512404428
-17.8122076014272
-4.66988615067384
-9.46517226405386
-2.26160905861749
-4.27269590318623
-1.71394365736441
5.17474422348034
-1.61605261034631
-1.84800872208212
1.93974920081021
6.17337160584333
8.72586652906413
-10.4124892539986
-8.3495022043726
3.12470399199396
-4.89172568034902
-14.0430769765336
-5.09038400274575
12.1393585941853
-11.8010289143592
-13.1610819511385
25.5114378643897
4.22216034842466
3.43367677773072
0.513964155179876
-7.37076875908817
-0.19597104089173
-14.8004099037647
9.69818432212729
0.996428093206554
6.48717067792949
-4.01707214228666
-12.2332575820934
3.93064009832591
-1.46355566383338
0.0292549257706896
4.53812156635188
-11.5027681932002
-8.48899355219146
-0.17016799056304
10.2668807225337
-8.95306738000497
18.1479956906615
-7.37962461691162
-14.1308786358121
1.80804328074453
-15.6382830681912
-0.148782139974379
0.0695852802899974
-0.0162316774081627
0.114205067677198
-0.0192725751486414
-0.216085073695795
0.190191490252109
-0.031745021380929
-0.161519882347921
0.0215372328706124
0.000916278764703077
0.120747642062207
0.27683489462739
-0.158415176755156
-0.0783514133773821
0.220373001664911
0.0914426252755541
-0.068415438431114
0.031133405127625
-0.237815189172964
0.193274140031514
0.105659006556893
0.211878034070438
-0.0908958425403898
0.0667519363809469
0.0164728494548775
0.204108949580933
-0.0464502726969424
0.36551396800736
0.0454794090382056
0.151469762189848
-0.00337587992128036
0.018277384136385
-0.184094484388026
-0.0606433443068264
-0.0812854132656988
-0.10902500534497
0.0142842719571064
-0.0453384303469483
0.129165456094468
-0.0819530367542362
-0.12569804049061
0.218093810229911
-0.180745569441842
-0.105773070307681
0.142894212172139
0.0293339636008211
0.199506357097617
-0.0853632669423579
-0.0279632441565563
0.0291016572619127
0.0439714614768443
-0.0480457512404429
-0.178122076014272
-0.0466988615067384
-0.0946517226405385
-0.0226160905861749
-0.0427269590318623
-0.0171394365736441
0.0517474422348034
-0.0161605261034631
-0.0184800872208212
0.0193974920081021
0.0617337160584333
0.0872586652906413
-0.104124892539986
-0.083495022043726
0.0312470399199396
-0.0489172568034902
-0.140430769765336
-0.0509038400274575
0.121393585941853
-0.118010289143592
-0.131610819511385
0.255114378643897
0.0422216034842466
0.0343367677773072
0.00513964155179877
-0.0737076875908817
-0.0019597104089173
-0.148004099037647
0.0969818432212729
0.00996428093206554
0.0648717067792949
-0.0401707214228666
-0.122332575820934
0.0393064009832591
-0.0146355566383338
0.000292549257706896
0.0453812156635188
-0.115027681932002
-0.0848899355219146
-0.0017016799056304
0.102668807225337
-0.0895306738000497
0.181479956906615
-0.0737962461691162
-0.141308786358121
0.0180804328074453
-0.156382830681912
