vars
0.791484371290805
1.62056175877905
14.6865171580134
-15.2835835516892
6.56226083538434
1.11977075938098
11.0861576464643
-1.81781723379433
-20.7301394374671
19.7046689734345
-4.62387201419692
-12.9772660849202
0.744999892152877
-3.24058816821303
12.7553461484626
26.6546206505229
-17.1320416069829
-6.3123725694507
24.5773751683699
8.85614131257874
-6.5764799640851
2.58032551973135
-22.985297323799
22.5199892992632
11.2039642171827
19.4529711068706
-8.3700927339555
8.44982951446509
3.10307453814044
20.9411301677826
-3.53993370464883
34.2333683310852
1.1369938949551
11.461525808123
-1.13463481338579
1.38599306949949
-21.3006690708152
-4.79813397532974
-8.75151968942822
-11.6356796028284
1.14773554751173
-2.63982660407022
13.5419568712567
-7.41211114614107
-15.1170410235587
22.4155260295441
-19.7168024841039
-11.9346803278707
15.1294349780643
1.86256157629559
20.2209930378118
-10.8011304825688
-3.66099473528089
5.21398926793521
6.30731688918574
-4.56317640619164
-20.8069724980313
-3.65768126181264
-10.9918152593527
-0.851101074129758
-7.03733476075251
0.30716694839706
8.82813141108081
-2.85676534247301
-5.46671284741953
3.07755863831369
5.53992787056158
4.71755059734488
-10.281479322222
-8.58124109706741
4.67143940422788
-5.31983343461883
-14.8951158673156
-2.63230797780086
13.853008405492
-11.4392386223968
-13.1472293782905
26.0891761622258
2.02153359229143
2.49939105223603
-0.952670813396077
-6.3862867510112
-0.918044052665734
-10.8844072887474
11.2352982049381
0.58361658123709
5.80836430035894
-1.72242300033119
-12.5403747830405
5.02964655610145
0.251789689829806
0.145940709748806
5.35545616447617
-9.86110956079922
-7.46355996685254
-1.31063064961615
9.36428952317904
-7.47007756777181
18.3700079171187
-8.91550307745064
-13.4218722468515
1.27098838578444
-16.5226299094053
-0.0152835835516892
0.00656226083538434
0.00111977075938098
0.0110861576464643
-0.00181781723379433
-0.0207301394374671
0.0197046689734345
-0.00462387201419692
-0.0129772660849202
0.000744999892152877
-0.00324058816821303
0.0127553461484626
0.0266546206505229
-0.0171320416069829
-0.0063123725694507
0.0245773751683699
0.00885614131257874
-0.0065764799640851
0.00258032551973135
-0.022985297323799
0.0225199892992632
0.0112039642171827
0.0194529711068706
-0.0083700927339555
0.00844982951446509
0.00310307453814044
0.0209411301677826
-0.00353993370464883
0.0342333683310852
0.0011369938949551
0.011461525808123
-0.00113463481338579
0.00138599306949949
-0.0213006690708152
-0.00479813397532974
-0.00875151968942822
-0.0116356796028284
0.00114773554751173
-0.00263982660407022
0.0135419568712567
-0.00741211114614107
-0.0151170410235587
0.0224155260295441
-0.0197168024841039
-0.0119346803278707
0.0151294349780643
0.00186256157629559
0.0202209930378118
-0.0108011304825688
-0.00366099473528089
0.00521398926793521
0.00630731688918574
-0.00456317640619164
-0.0208069724980313
-0.00365768126181264
-0.0109918152593527
-0.000851101074129758
-0.00703733476075251
0.00030716694839706
0.00882813141108081
-0.00285676534247301
-0.00546671284741953
0.00307755863831369
0.00553992787056158
0.00471755059734488
-0.010281479322222
-0.00858124109706741
0.00467143940422788
-0.00531983343461883
-0.0148951158673156
-0.00263230797780086
0.013853008405492
-0.0114392386223968
-0.0131472293782905
0.0260891761622258
0.00202153359229142
0.00249939105223603
-0.000952670813396077
-0.0063862867510112
-0.000918044052665734
-0.0108844072887474
0.0112352982049381
0.00058361658123709
0.00580836430035894
-0.00172242300033119
-0.0125403747830405
0.00502964655610145
0.000251789689829806
0.000145940709748806
0.00535545616447617
-0.00986110956079922
-0.00746355996685254
-0.00131063064961615
0.00936428952317904
-0.00747007756777181
0.0183700079171187
-0.00891550307745064
-0.0134218722468515
0.00127098838578444
-0.0165226299094052
