vars
1.0183494431385
19.3692381305852
-26.1192115689442
-5.56465175726704
-9.81964509216143
-18.3583231779376
-12.449735222785
-0.896214111987277
4.5955947233583
-2.40585346609612
-10.219453568537
5.91217997492128
16.0827071105655
1.21874713060221
-4.2049944626559
7.58022851229235
8.88828819548012
20.313521106704
17.4123569450198
-2.37779818831317
-15.1216381490064
-2.55529269939096
3.28178943130188
-5.96673131511173
-11.4727902083761
-0.25655154425632
6.96619736445841
5.37137503452515
1.80788257233085
-1.2802659211028
-8.98293802994531
9.68069989669142
3.89262306414424
-10.9865527207103
-11.0508569846675
-4.68478342463739
6.64605029252275
-4.58099134387277
0.11709620192999
7.71347624267713
17.3150666019882
16.1489084612418
11.8843685146391
16.4585521026804
3.60569469930506
-14.1162250593896
15.8904355113401
-6.93561790174001
19.0087532616123
-10.1127872340152
-8.52411384755014
-18.7485759518751
-2611.92115689442
-556.465175726704
-981.964509216143
-1835.83231779376
-1244.9735222785
-89.6214111987277
459.55947233583
-240.585346609612
-1021.9453568537
591.217997492128
1608.27071105655
121.874713060221
-420.49944626559
758.022851229235
888.828819548012
2031.3521106704
1741.23569450198
-237.779818831317
-1512.16381490064
-255.529269939096
328.178943130188
-596.673131511173
-1147.27902083761
-25.655154425632
696.619736445841
537.137503452515
180.788257233085
-128.02659211028
-898.293802994531
968.069989669142
389.262306414424
-1098.65527207103
-1105.08569846675
-468.478342463739
664.605029252275
-458.099134387277
11.709620192999
771.347624267713
1731.50666019882
1614.89084612418
1188.43685146391
1645.85521026805
360.569469930506
-1411.62250593896
1589.04355113401
-693.561790174001
1900.87532616123
-1011.27872340152
-852.411384755014
-1874.85759518751
