vars
1.01734596142902
19.3695575986648
-26.1491888898179
-5.56064530920327
-9.81799286332014
-18.3603254824515
-12.4374694947175
-0.894554380369427
4.58437458631312
-2.43017884743171
-10.2030620119273
5.89827184703064
16.070969273989
1.21401820548384
-4.2187765343165
7.58814914112322
8.89242979810101
20.3112266373514
17.4035754761424
-2.37382559868994
-15.1180156770774
-2.56133425658578
3.31313349666689
-5.96533667915249
-11.4542490646109
-0.289584106782159
7.00138468533194
5.3772019990805
1.82471376544414
-1.28896907910947
-9.00449664829298
9.68438554391092
3.88118288125881
-10.95006822233
-11.0457490525902
-4.67569937172554
6.64049836704706
-4.56713074180296
0.121857015803925
7.71368321510247
17.3057953499115
16.1513982101594
11.8702040062996
16.4618809990927
3.59886486831466
-14.1134859947665
15.8842712962468
-6.93667408586991
19.0267844562961
-10.1135180383048
-8.54139608174245
-18.7485286085138
-2.61491888898179
-0.556064530920327
-0.981799286332014
-1.83603254824515
-1.24374694947175
-0.0894554380369427
0.458437458631312
-0.243017884743171
-1.02030620119273
0.589827184703064
1.6070969273989
0.121401820548384
-0.42187765343165
0.758814914112322
0.889242979810101
2.03112266373514
1.74035754761424
-0.237382559868994
-1.51180156770774
-0.256133425658578
0.331313349666689
-0.596533667915249
-1.14542490646109
-0.0289584106782159
0.700138468533194
0.53772019990805
0.182471376544414
-0.128896907910947
-0.900449664829298
0.968438554391092
0.388118288125881
-1.095006822233
-1.10457490525902
-0.467569937172554
0.664049836704706
-0.456713074180296
0.0121857015803925
0.771368321510246
1.73057953499115
1.61513982101594
1.18702040062996
1.64618809990927
0.359886486831466
-1.41134859947665
1.58842712962468
-0.693667408586991
1.90267844562961
-1.01135180383048
-0.854139608174245
-1.87485286085138
