vars
0.0053519461825573
2.0206626431855
0.0278330965349873
-3.01235203997354
0.00890719916826477
-3.99693352803357
1.01002190337808
-0.0109348312304434
2.02161930687618
-0.0411448371702789
2.00263571209687
2.97905843079263
-0.00936418152313223
-4.97954798413848
5.97675532240276
-0.0019296001272231
1.0354080161184
1.99892478342431
0.0130070766978214
9.98335879084627
-0.00815201426448908
-0.00253352663927231
2.99716327091487
4.00594970444832
4.9780953052143
0.0453358351359405
-0.0318708763408448
-5.99407581690852
-7.97939308683883
-0.00692125932814669
4.95563780925169
-0.16868107425597
0.00972808247553752
-0.0431952163876264
0.0755052864499297
-0.0205132392082719
-0.0790932618745469
0.0554937426081547
-0.0022266363752343
-0.0361972886202167
0.0576579226359203
0.0425846939986766
-0.0810658808288762
-0.0204002317892065
0.0698157462018826
-0.0140074887276671
0.0520251531380658
-0.0266928871222389
0.160118720778869
-0.037167078029394
0.0239292903201913
0.0839472258408736
0.0100629702930547
-0.0360604501952355
-0.0999603189645607
0.107653272211626
-0.0493021615215729
-0.0349557905741941
0.0157764980551269
-0.0743119286761559
0.0529817811134183
-0.0328676066668032
0.09851025500918
-0.0500813652744892
0.0794278164801203
-0.0717487691097837
-0.0306858689100409
0.000361452769373186
-0.0818287000223174
-0.0508639216674343
0.0272967758825522
0.0251503298665632
-0.070607516225441
-0.0347950013445416
0.012615727835904
0.0195230817496622
0.014547993872142
0.0821370693318945
-0.0182834162963649
0.0893050088654875
-0.000562799116021995
-16.868107425597
0.972808247553752
-4.31952163876264
7.55052864499297
-2.05132392082719
-7.90932618745469
5.54937426081547
-0.22266363752343
-3.61972886202167
5.76579226359203
4.25846939986766
-8.10658808288762
-2.04002317892065
6.98157462018826
-1.40074887276671
5.20251531380658
-2.66928871222389
16.0118720778869
-3.7167078029394
2.39292903201913
8.39472258408736
1.00629702930547
-3.60604501952355
-9.99603189645607
10.7653272211626
-4.93021615215729
-3.49557905741941
1.57764980551269
-7.43119286761559
5.29817811134183
-3.28676066668032
9.851025500918
-5.00813652744892
7.94278164801203
-7.17487691097837
-3.06858689100409
0.0361452769373186
-8.18287000223174
-5.08639216674343
2.72967758825522
2.51503298665632
-7.0607516225441
-3.47950013445416
1.2615727835904
1.95230817496622
1.4547993872142
8.21370693318945
-1.82834162963649
8.93050088654875
-0.0562799116021995
