vars
0.336781609195402
2.125
-1.75718390804598
1.56925287356322
-0.104310344827586
-0.777873563218391
0.0485632183908052
1.2014367816092
2.52787356321839
0.854310344827587
-3.81925287356322
2.50718390804598
-1.59396551724138
0.732471264367817
1.05890804597701
-2.11465517241379
-2.2882183908046
1.0382183908046
2.3646551724138
-1.30890804597701
0.0175287356321839
-0.15603448275862
-0.0175718390804598
0.0156925287356322
-0.00104310344827586
-0.00777873563218391
0.000485632183908052
0.012014367816092
0.0252787356321839
0.00854310344827587
-0.0381925287356322
0.0250718390804598
-0.0159396551724138
0.00732471264367817
0.0105890804597701
-0.0211465517241379
-0.022882183908046
0.010382183908046
0.023646551724138
-0.0130890804597701
0.000175287356321839
-0.0015603448275862
