vars
0.895000265613611
1.7841322645287
14.3303420015063
-14.8348868567993
7.0036528667306
-1.92575648610983
11.4599533662563
-1.93785378453788
-21.7089368675767
18.9462030701088
-3.01627042426043
-16.5019595070353
2.31204469203653
0.460799436795863
12.0002379028863
27.7959667062164
-15.69576920039
-8.00159126990296
21.7533378761301
9.17239160482507
-6.87124379574784
3.17105704918393
-23.8704085362326
18.9740482370804
10.4937330683563
21.3821571663154
-9.16983610146762
6.47835361630174
1.4848078031658
20.3523018175134
-4.76618108535651
36.8074362861105
4.92388515445262
15.5552446100999
-0.247677780051567
1.87692509648384
-18.0853878544737
-6.20435636857303
-8.05889697119137
-10.8228775211577
1.46136745633061
-4.74629151434968
12.8483218522959
-8.28100926243576
-12.2857352314338
21.7442552856857
-17.8927322731694
-10.4257801663918
14.1954343042646
3.05209601937402
19.9211256876622
-8.28606857092882
-2.69839896927857
2.65306055493795
4.18547162636794
-4.83318446665964
-17.4807882343938
-4.77762557222216
-9.29329308423696
-2.42051485675588
-3.96609403697272
-1.93810151615149
4.77219003429281
-1.48122809467404
-1.44995800895378
1.81264739198972
6.24125237127013
9.1706869016131
-10.4276157053023
-8.32463557356725
2.95304100828787
-4.84116405622047
-13.949588790597
-5.36318856555121
11.948390523768
-11.8423867095097
-13.1642576871174
25.4441395645217
4.46348220150549
3.53819008922122
0.675182739200896
-7.47898339346701
-0.116166373323433
-15.23367964464
9.52654190347705
1.04215193827694
6.56325653494953
-4.27262649362216
-12.2006569993462
3.81170871578599
-1.65680159081324
0.0157610762832579
4.44876500085905
-11.6798787075549
-8.60181395469603
-0.040132576891176
10.3695105294265
-9.12089182517992
18.1245357055937
-7.21192828937122
-14.2092593054559
1.86938279565127
-15.5441367278435
-1.48348868567993
0.70036528667306
-0.192575648610983
1.14599533662563
-0.193785378453788
-2.17089368675767
1.89462030701088
-0.301627042426043
-1.65019595070353
0.231204469203653
0.0460799436795863
1.20002379028863
2.77959667062164
-1.569576920039
-0.800159126990296
2.17533378761301
0.917239160482507
-0.687124379574784
0.317105704918393
-2.38704085362326
1.89740482370804
1.04937330683563
2.13821571663154
-0.916983610146762
0.647835361630174
0.14848078031658
2.03523018175134
-0.476618108535651
3.68074362861105
0.492388515445262
1.55552446100999
-0.0247677780051567
0.187692509648384
-1.80853878544737
-0.620435636857303
-0.805889697119137
-1.08228775211577
0.146136745633061
-0.474629151434968
1.28483218522959
-0.828100926243576
-1.22857352314338
2.17442552856857
-1.78927322731694
-1.04257801663918
1.41954343042646
0.305209601937402
1.99211256876622
-0.828606857092883
-0.269839896927857
0.265306055493795
0.418547162636794
-0.483318446665964
-1.74807882343938
-0.477762557222216
-0.929329308423696
-0.242051485675588
-0.396609403697272
-0.193810151615149
0.477219003429281
-0.148122809467404
-0.144995800895378
0.181264739198972
0.624125237127013
0.91706869016131
-1.04276157053023
-0.832463557356725
0.295304100828787
-0.484116405622047
-1.3949588790597
-0.536318856555121
1.1948390523768
-1.18423867095097
-1.31642576871174
2.54441395645217
0.446348220150549
0.353819008922122
0.0675182739200896
-0.747898339346701
-0.0116166373323433
-1.523367964464
0.952654190347705
0.104215193827694
0.656325653494953
-0.427262649362216
-1.22006569993462
0.381170871578599
-0.165680159081324
0.00157610762832579
0.444876500085905
-1.16798787075549
-0.860181395469603
-0.0040132576891176
1.03695105294265
-0.912089182517992
1.81245357055937
-0.721192828937122
-1.42092593054559
0.186938279565127
-1.55441367278435
