vars
0.89606147835832
1.7857729061592
14.3267406910126
-14.8305247472974
7.00822761188853
-1.95632819413885
11.4639671691735
-1.93890802419903
-21.7191227336845
18.9388626909112
-3.00030199400411
-16.5373156887
2.32807279974889
0.49811570858104
11.9927143370179
27.8073193948392
-15.6810062237223
-8.01839135952877
21.7246065419179
9.1751931428188
-6.87424957937456
3.17687638475556
-23.8794010617625
18.9383333262169
10.4864220078718
21.4018263978153
-9.17795400227367
6.45845426701033
1.46837129490402
20.3463808203242
-4.7784133652017
36.8333085387068
4.96186453129098
15.5965124196489
-0.23857185279817
1.8818996555647
-18.0525901677525
-6.21850709161692
-8.05185035008527
-10.8148468234522
1.46471740166274
-4.76779483755252
12.8414374514278
-8.28966076223287
-12.2570006990923
21.7376946538982
-17.8743545271578
-10.4104510409289
14.1859238319484
3.06409501121944
19.9181476578567
-8.26077943399764
-2.6884770864418
2.62705149621071
4.1640747863227
-4.8360968836185
-17.4472920344298
-4.78846749176526
-9.27588910200616
-2.43660629663934
-3.9350989480541
-1.96076230670666
4.73152364654572
-1.46762888973332
-1.40975412138302
1.79978827895854
6.24808851613189
9.21565804518618
-10.4291514482878
-8.32213092405924
2.93568579150191
-4.83601871589653
-13.9401489067342
-5.39076921872914
11.9290749698211
-11.846581257503
-13.1645967774933
25.4373007067902
4.48784792649357
3.5487654867465
0.691464921691636
-7.48991243002151
-0.108101753289152
-15.277468654547
9.50917724565715
1.04677363453806
6.57095709555659
-4.29847290487472
-12.1973773936218
3.79971814082656
-1.67637042407659
0.0143908615428978
4.43974590598498
-11.6977287098524
-8.61320930555885
-0.0269478438952033
10.3799134788555
-9.137894562575
18.1221768673044
-7.1950044828482
-14.2171802466437
1.87560333753755
-15.5346625073846
-14.8305247472974
7.00822761188853
-1.95632819413885
11.4639671691735
-1.93890802419903
-21.7191227336845
18.9388626909112
-3.00030199400411
-16.5373156887
2.32807279974889
0.49811570858104
11.9927143370179
27.8073193948392
-15.6810062237223
-8.01839135952877
21.7246065419179
9.1751931428188
-6.87424957937456
3.17687638475556
-23.8794010617625
18.9383333262169
10.4864220078718
21.4018263978153
-9.17795400227367
6.45845426701033
1.46837129490402
20.3463808203242
-4.7784133652017
36.8333085387068
4.96186453129098
15.5965124196489
-0.23857185279817
1.8818996555647
-18.0525901677525
-6.21850709161692
-8.05185035008527
-10.8148468234522
1.46471740166274
-4.76779483755252
12.8414374514278
-8.28966076223287
-12.2570006990923
21.7376946538982
-17.8743545271578
-10.4104510409289
14.1859238319484
3.06409501121944
19.9181476578567
-8.26077943399764
-2.6884770864418
2.62705149621071
4.1640747863227
-4.8360968836185
-17.4472920344298
-4.78846749176526
-9.27588910200616
-2.43660629663934
-3.9350989480541
-1.96076230670666
4.73152364654572
-1.46762888973332
-1.40975412138302
1.79978827895854
6.24808851613189
9.21565804518618
-10.4291514482878
-8.32213092405924
2.93568579150191
-4.83601871589653
-13.9401489067342
-5.39076921872914
11.9290749698211
-11.846581257503
-13.1645967774933
25.4373007067902
4.48784792649357
3.5487654867465
0.691464921691636
-7.48991243002151
-0.108101753289152
-15.277468654547
9.50917724565715
1.04677363453806
6.57095709555659
-4.29847290487472
-12.1973773936218
3.79971814082656
-1.67637042407659
0.0143908615428978
4.43974590598498
-11.6977287098524
-8.61320930555885
-0.0269478438952033
10.3799134788555
-9.137894562575
18.1221768673044
-7.1950044828482
-14.2171802466437
1.87560333753755
-15.5346625073846
