vars
1.01834039392315
19.3692410114766
-26.1194818986796
-5.56461562776635
-9.81963019267046
-18.3583412343367
-12.4496246125684
-0.896199144804938
4.59549354214551
-2.40607282780938
-10.2193057525201
5.91205455406686
16.0826012608807
1.21870448603517
-4.20511874679607
7.58029993911153
8.88832554371385
20.3135004156213
17.4122777553617
-2.37776236424817
-15.12160548224
-2.55534718100101
3.28207208592356
-5.96671873852649
-11.4726230076727
-0.256849425983385
6.96651467719744
5.37142758101932
1.80803435281623
-1.28034440458114
-8.9831324419333
9.68073313324101
3.89251989860998
-10.9862237102181
-11.050810922238
-4.68470150627865
6.64600022622767
-4.58086635160916
0.117139134096981
7.71347810913269
17.314982995557
16.1489309133582
11.8842407817597
16.4585821220803
3.60563310910726
-14.1162003590111
15.8903799235528
-6.93562742620712
19.0089158637405
-10.1127938242604
-8.52426969546732
-18.7485755249293
-261.194818986796
-55.6461562776635
-98.1963019267046
-183.583412343367
-124.496246125684
-8.96199144804938
45.9549354214551
-24.0607282780938
-102.193057525201
59.1205455406686
160.826012608807
12.1870448603517
-42.0511874679607
75.8029993911153
88.8832554371385
203.135004156213
174.122777553617
-23.7776236424817
-151.2160548224
-25.5534718100101
32.8207208592356
-59.6671873852649
-114.726230076727
-2.56849425983385
69.6651467719744
53.7142758101932
18.0803435281623
-12.8034440458114
-89.831324419333
96.80733133241
38.9251989860998
-109.862237102181
-110.508109222379
-46.8470150627865
66.4600022622767
-45.8086635160916
1.17139134096981
77.1347810913269
173.14982995557
161.489309133582
118.842407817597
164.585821220803
36.0563310910726
-141.162003590111
158.903799235528
-69.3562742620712
190.089158637405
-101.127938242604
-85.2426969546732
-187.485755249293
