vars
0.89617836047546
1.78595356341975
14.3263441019464
-14.830044587411
7.00873153413552
-1.95969459089189
11.4644094663229
-1.9390239282631
-21.7202447867438
18.9380547391759
-2.99854383937659
-16.5412088960222
2.32983809348041
0.502224977702315
11.9918859497992
27.8085693667092
-15.6793801819845
-8.0202411069269
21.7214423314417
9.17550118037929
-6.87458061761904
3.17751704506318
-23.8803914027365
18.9344004406567
10.4856167310708
21.4039926406489
-9.17884801246642
6.45626292161786
1.46656115894341
20.3457288185919
-4.77976022634735
36.8361574965959
4.96604658113742
15.6010568269651
-0.237568909422999
1.88244748459225
-18.0489780226566
-6.2200653377299
-8.05107429865909
-10.8139626810552
1.46508652558086
-4.7701631069184
12.8406794725029
-8.29061333438495
-12.2538362212292
21.7369724475337
-17.8723307836984
-10.4087628554302
14.1848764243774
3.06541634843172
19.9178197717735
-8.25799467467838
-2.68738422494046
2.62418714687962
4.16171855914592
-4.83641782940236
-17.4436034771284
-4.7896608604101
-9.27397223612159
-2.43837861222553
-3.93168572927152
-1.96325774357046
4.7270457343563
-1.46613167032011
-1.40532722120043
1.79837210373032
6.24884102897324
9.2206103610731
-10.4293206399727
-8.32185521171715
2.93377459746989
-4.83545172401107
-13.9391094984679
-5.39380646009027
11.9269478023766
-11.8470433184867
-13.1646343211355
25.4365472041661
4.4905307738017
3.54993017395351
0.693257759291213
-7.49111583040472
-0.10721370091301
-15.2822906302431
9.50726488237909
1.04728257448252
6.57180519039837
-4.30131927699795
-12.197016419409
3.79839808753503
-1.67852574157265
0.0142399033200168
4.43875287068844
-11.6996937634812
-8.61446406472147
-0.0254954848570706
10.3810593772052
-9.13976733964448
18.1219172522461
-7.19314113739057
-14.218052480017
1.87628857081692
-15.5336196787421
-1483.0044587411
700.873153413552
-195.969459089189
1146.44094663229
-193.90239282631
-2172.02447867438
1893.80547391759
-299.854383937659
-1654.12088960222
232.983809348041
50.2224977702315
1199.18859497992
2780.85693667092
-1567.93801819845
-802.02411069269
2172.14423314417
917.550118037929
-687.458061761904
317.751704506318
-2388.03914027365
1893.44004406567
1048.56167310708
2140.39926406489
-917.884801246642
645.626292161786
146.656115894341
2034.57288185919
-477.976022634735
3683.61574965959
496.604658113742
1560.10568269651
-23.7568909422999
188.244748459225
-1804.89780226566
-622.00653377299
-805.107429865909
-1081.39626810552
146.508652558086
-477.01631069184
1284.06794725029
-829.061333438495
-1225.38362212292
2173.69724475337
-1787.23307836984
-1040.87628554302
1418.48764243774
306.541634843172
1991.78197717735
-825.799467467838
-268.738422494046
262.418714687962
416.171855914592
-483.641782940236
-1744.36034771284
-478.96608604101
-927.397223612159
-243.837861222553
-393.168572927152
-196.325774357046
472.70457343563
-146.613167032011
-140.532722120043
179.837210373032
624.884102897324
922.06103610731
-1042.93206399727
-832.185521171715
293.377459746989
-483.545172401107
-1393.91094984679
-539.380646009027
1192.69478023766
-1184.70433184867
-1316.46343211355
2543.65472041661
449.053077380169
354.993017395351
69.3257759291213
-749.111583040472
-10.721370091301
-1528.22906302431
950.726488237909
104.728257448252
657.180519039837
-430.131927699795
-1219.7016419409
379.839808753503
-167.852574157265
1.42399033200168
443.875287068844
-1169.96937634812
-861.446406472147
-2.54954848570706
1038.10593772052
-913.976733964448
1812.19172522461
-719.314113739057
-1421.8052480017
187.628857081692
-1553.36196787421
