vars
1.21052347656223
1.96261465066618
7.92186951063154
8.00480313708697
4.64639517572027
-6.7514665159591
10.4682845800905
3.93267211745365
5.30347548539291
-6.22643028861464
2.0881810463723
10.8863615559528
15.8540534367683
-12.8187208685431
-16.5670656231344
-5.05303889494423
10.7497655476678
-3.03651133358549
-17.7665267916061
5.89521013637579
6.04401396667781
-12.9036250234023
7.98057202248163
-4.74416438655099
-4.7641915077119
-11.5156585598175
10.5354296915545
-10.4829027126462
3.24351499957627
-0.710412690071044
-17.9305537471743
9.52182245259036
2.51672913214882
8.83198736979755
0.406167114808342
6.19303570222975
7.52810924469674
3.79267371436699
-7.92078118261247
-7.20788578534561
-2.22488620237993
11.709422322305
-5.23415188430421
5.52757623663445
3.9620199556803
5.56074793955194
13.9264436189457
-13.5839338032423
5.22241682408531
3.6556144008512
-2.41300878415818
-11.3830415035315
-12.7485408385286
800.480313708697
464.639517572027
-675.14665159591
1046.82845800905
393.267211745365
530.347548539291
-622.643028861464
208.81810463723
1088.63615559528
1585.40534367683
-1281.87208685431
-1656.70656231344
-505.303889494423
1074.97655476678
-303.651133358549
-1776.65267916061
589.521013637579
604.401396667781
-1290.36250234023
798.057202248163
-474.416438655099
-476.41915077119
-1151.56585598175
1053.54296915545
-1048.29027126462
324.351499957627
-71.0412690071044
-1793.05537471743
952.182245259036
251.672913214882
883.198736979754
40.6167114808342
619.303570222975
752.810924469674
379.267371436699
-792.078118261247
-720.788578534561
-222.488620237993
1170.9422322305
-523.415188430421
552.757623663445
396.20199556803
556.074793955194
1392.64436189457
-1358.39338032423
522.241682408531
365.56144008512
-241.300878415818
-1138.30415035315
-1274.85408385286
