vars
1.21002734085675
1.96194123937408
7.92184325860867
8.01113641964701
4.64278571809782
-6.75199801612427
10.4619765729716
3.92931728731277
5.30031749019432
-6.22781899976843
2.07484324146547
10.8881992416834
15.8466154601568
-12.8116780881818
-16.5671320392882
-5.0497353751458
10.7509144100125
-3.03335327819327
-17.7788554217086
5.89452399597061
6.04531429385015
-12.9134384883862
7.9885551861934
-4.73774368164284
-4.76632870514452
-11.5099966384467
10.5380698443918
-10.4698048735524
3.24478947219649
-0.710439934009537
-17.9287388574464
9.53620401380695
2.51428503883089
8.83348977655736
0.404523660263831
6.19024578385489
7.53421229997428
3.78060181033607
-7.92112000639387
-7.21692614034412
-2.23138049535284
11.711107818041
-5.24196801128832
5.52548103064399
3.96425442619605
5.56437378720052
13.931074619663
-13.5770333576624
5.22360091586934
3.65248367870006
-2.42085826899463
-11.379853163825
-12.737095453182
8.01113641964701
4.64278571809782
-6.75199801612427
10.4619765729716
3.92931728731277
5.30031749019432
-6.22781899976843
2.07484324146547
10.8881992416834
15.8466154601568
-12.8116780881818
-16.5671320392882
-5.0497353751458
10.7509144100125
-3.03335327819327
-17.7788554217086
5.89452399597061
6.04531429385015
-12.9134384883862
7.9885551861934
-4.73774368164284
-4.76632870514452
-11.5099966384467
10.5380698443918
-10.4698048735524
3.24478947219649
-0.710439934009537
-17.9287388574464
9.53620401380695
2.51428503883089
8.83348977655736
0.404523660263831
6.19024578385489
7.53421229997428
3.78060181033607
-7.92112000639387
-7.21692614034412
-2.23138049535284
11.711107818041
-5.24196801128832
5.52548103064399
3.96425442619605
5.56437378720052
13.931074619663
-13.5770333576624
5.22360091586934
3.65248367870006
-2.42085826899463
-11.379853163825
-12.737095453182
