vars
1.00839396522692
19.3724075531342
-26.416614655673
-5.52490404291659
-9.803253435366
-18.3781879132353
-12.3280477196959
-0.879748020958285
4.48428046143404
-2.64718402098177
-10.056833982531
5.77419832597897
15.966256784237
1.17183176656633
-4.34172551543015
7.65880856434643
8.9293767701739
20.2907578226616
17.3252365532682
-2.33838638035751
-15.085699836282
-2.615230602677
3.59275190471254
-5.95289522103258
-11.2888447065622
-0.584265484571452
7.31528852687436
5.42918397755138
1.9748637648097
-1.36660939560558
-9.19681970165906
9.7172649666309
3.77912574139346
-10.6245923436924
-11.0001815172843
-4.59466111658776
6.59096999516407
-4.4434811954306
0.164327931921134
7.71552960270625
17.223087102383
16.1736091009571
11.7438433319697
16.4915778710316
3.53793638283976
-14.0890509742688
15.8292807275621
-6.94609623709271
19.1876395905002
-10.1200374968235
-8.69556978941132
-18.7481062615471
-0.26416614655673
-0.0552490404291659
-0.09803253435366
-0.183781879132353
-0.123280477196959
-0.00879748020958285
0.0448428046143404
-0.0264718402098177
-0.10056833982531
0.0577419832597897
0.15966256784237
0.0117183176656633
-0.0434172551543015
0.0765880856434643
0.089293767701739
0.202907578226616
0.173252365532682
-0.0233838638035751
-0.15085699836282
-0.02615230602677
0.0359275190471254
-0.0595289522103258
-0.112888447065622
-0.00584265484571452
0.0731528852687436
0.0542918397755138
0.019748637648097
-0.0136660939560558
-0.0919681970165906
0.097172649666309
0.0377912574139346
-0.106245923436924
-0.110001815172843
-0.0459466111658777
0.0659096999516407
-0.044434811954306
0.00164327931921134
0.0771552960270625
0.17223087102383
0.161736091009571
0.117438433319697
0.164915778710316
0.0353793638283976
-0.140890509742688
0.158292807275621
-0.0694609623709271
0.191876395905002
-0.101200374968235
-0.0869556978941132
-0.187481062615471
