vars
1.1622837239346
1.89692030843768
7.91914423070532
8.62274901551841
4.29370041139604
-6.80198807767126
9.85419012786337
3.60570484601337
4.99618594255497
-6.36076456289537
0.788165063199242
11.0624677547757
15.1293941181935
-12.1341525740466
-16.5727879807153
-4.72930896864145
10.8626245413673
-2.72840382541478
-18.9677540823554
5.82832040917929
6.17163700313638
-13.8613994323628
8.75806658853599
-4.12034607881934
-4.97283631878746
-10.9632545302719
10.7901088658091
-9.20753807226458
3.36659579827973
-0.712157189644485
-17.7510530451524
10.9238773719931
2.28022272821132
8.97884675069718
0.244782054345401
5.92143134104772
8.12546241658456
2.61494296083487
-7.95362419580563
-8.09071014598307
-2.85696641645293
11.8764859411116
-5.99497740786258
5.32343257181713
4.17838428035864
5.91537844373042
14.3772424284823
-12.91196483394
5.33723960765798
3.34813992656943
-3.17678773519142
-11.0728467154359
-11.6341571195496
0.0862274901551841
0.0429370041139604
-0.0680198807767126
0.0985419012786337
0.0360570484601337
0.0499618594255497
-0.0636076456289537
0.00788165063199242
0.110624677547757
0.151293941181935
-0.121341525740466
-0.165727879807153
-0.0472930896864145
0.108626245413673
-0.0272840382541478
-0.189677540823554
0.0582832040917929
0.0617163700313638
-0.138613994323628
0.0875806658853599
-0.0412034607881934
-0.0497283631878746
-0.109632545302719
0.107901088658091
-0.0920753807226458
0.0336659579827973
-0.00712157189644485
-0.177510530451524
0.109238773719931
0.0228022272821132
0.0897884675069718
0.00244782054345401
0.0592143134104772
0.0812546241658456
0.0261494296083487
-0.0795362419580563
-0.0809071014598307
-0.0285696641645293
0.118764859411116
-0.0599497740786258
0.0532343257181713
0.0417838428035864
0.0591537844373042
0.143772424284823
-0.1291196483394
0.0533723960765798
0.0334813992656943
-0.0317678773519142
-0.110728467154359
-0.116341571195496
