vars
0.0371182755463852
2.04342950785916
0.0821729736646226
-3.04071909834213
0.033262989717266
-3.98741416580408
1.01645582606896
-0.0449813651626085
2.02867708388747
-0.0610011310183696
2.00403818037199
2.94787284341502
0.00944474296859088
-4.94569124362577
5.9467666062616
0.0090831623578711
1.03606159333471
1.95833027583043
0.0281305826941107
9.92153158416775
0.0135520467414452
0.0250365747354768
2.98633365638316
4.02051670969176
4.94362913270531
0.076818965426416
-0.0256652559325852
-5.98354250954095
-7.93019138694194
0.0119697389836759
4.93250917267938
-0.213876843495724
-0.0866637713738666
-0.0815659362517298
0.0605073077802076
0.0440378233730612
-0.169221668978087
0.0353807418499824
0.00563216054114547
-0.107977599013026
0.0290335356915627
0.0642986072106703
-0.055887627192748
0.105547744442915
0.0494097365930508
0.00421850147175803
0.0834881998604027
-0.00998215400764228
0.182601813783206
-0.0845551918656842
0.00492903604215933
0.0486614329002729
0.0919561207562622
-0.0250846094307381
-0.183404394623154
0.0600546938190753
-0.0809216307902523
-0.0375308558614395
-0.0779022994493827
-0.0684495925365184
0.0574526164998826
0.0551320103456821
0.0583920735056943
-0.0909958192592193
0.0914194077691947
-0.100557544332864
0.105128791231587
-0.0299550416876909
-0.1025331408677
-0.0947169438839945
0.113758048325308
0.0981908999853142
-0.046351369008847
0.0273953146843891
0.0348319238945194
0.0047529581530066
0.0809050037764466
0.141668607876701
-0.0578207074127503
0.0570346029685224
0.0101350261910805
-2.13876843495724
-0.866637713738666
-0.815659362517298
0.605073077802076
0.440378233730612
-1.69221668978087
0.353807418499824
0.0563216054114547
-1.07977599013026
0.290335356915627
0.642986072106703
-0.55887627192748
1.05547744442915
0.494097365930508
0.0421850147175803
0.834881998604027
-0.0998215400764228
1.82601813783206
-0.845551918656842
0.0492903604215933
0.486614329002729
0.919561207562621
-0.250846094307381
-1.83404394623154
0.600546938190753
-0.809216307902523
-0.375308558614395
-0.779022994493827
-0.684495925365184
0.574526164998826
0.551320103456821
0.583920735056943
-0.909958192592193
0.914194077691947
-1.00557544332864
1.05128791231587
-0.299550416876909
-1.025331408677
-0.947169438839945
1.13758048325308
0.981908999853142
-0.46351369008847
0.273953146843891
0.348319238945194
0.047529581530066
0.809050037764466
1.41668607876701
-0.578207074127503
0.570346029685224
0.101350261910805
