vars
1.05947360398557
2.58101831576349
1.17235869422578
-3.26853672440234
0.383155199034067
-3.13638420299836
1.27174142670335
-0.597877999489673
2.10167401380728
-0.746361623609698
1.82976723407479
2.51423603507401
0.522596628354038
-3.28317448837605
4.26010399211999
0.379638222762017
0.611102718496259
0.310276478467926
0.115848462835272
7.12790022065011
0.533522684094143
0.653791836087103
2.71535570205075
3.65925466498601
3.3109186332376
1.0683697476148
0.192559361507295
-5.00091089159714
-5.4736688961581
0.393707212847512
3.85148153840532
-1.89235009442811
-5.12504844601988
-3.81897862735697
-0.381687381330412
3.17961901067838
-5.69264647054856
-0.118839502080758
-4.12772832662301
-6.6282137727365
-0.0379002987979002
1.58885807324565
1.99961952637435
7.86274507717098
-2.58670856234669
2.29097170765508
3.99392236430411
1.82337034089908
0.831173125025337
-2.43593026201361
-2.93840134365033
-3.64249176316379
2.17670635827112
-0.0957586986737901
-4.25598286041222
-1.26449881149433
-0.69409301060085
0.30259405040001
-3.69496111436545
1.92685749225793
2.06428752390008
6.34755458423919
-0.906011677698381
-4.22859905399632
-0.378354025079722
-2.0992315868681
9.37543038903532
0.381625308599075
-2.44179234037725
-1.41352552717862
3.4321256221742
2.46757013565945
-0.0986634076790487
3.51704193900759
1.23388457169579
-2.34068313561116
2.68771078965484
4.61703276431201
-0.987693146800327
-2.03357929030293
2.25965178367543
-0.189235009442811
-0.512504844601988
-0.381897862735697
-0.0381687381330412
0.317961901067838
-0.569264647054856
-0.0118839502080758
-0.412772832662301
-0.66282137727365
-0.00379002987979002
0.158885807324565
0.199961952637435
0.786274507717098
-0.258670856234669
0.229097170765508
0.399392236430411
0.182337034089908
0.0831173125025337
-0.243593026201361
-0.293840134365033
-0.364249176316379
0.217670635827112
-0.00957586986737901
-0.425598286041222
-0.126449881149433
-0.069409301060085
0.030259405040001
-0.369496111436545
0.192685749225793
0.206428752390008
0.634755458423919
-0.0906011677698381
-0.422859905399632
-0.0378354025079723
-0.20992315868681
0.937543038903532
0.0381625308599075
-0.244179234037725
-0.141352552717862
0.34321256221742
0.246757013565945
-0.00986634076790487
0.351704193900759
0.123388457169579
-0.234068313561116
0.268771078965484
0.461703276431201
-0.0987693146800327
-0.203357929030293
0.225965178367543
