vars
0.92683811681134
19.3983716453261
-28.852957872329
-5.19928847856075
-9.66897203881205
-18.5409209690201
-11.3311766871847
-0.744856855182532
3.57238761746596
-4.62417782659919
-8.72464496788942
4.64384471022167
15.0122890044653
0.787498402266633
-5.46183417501722
8.30254087604866
9.26597674025483
20.1042796885778
16.6115412863427
-2.01552257958727
-14.7912911084596
-3.10624535879832
6.14017439975938
-5.839549141612
-9.78195256231303
-3.26891695619067
10.1750634351717
5.90275816824716
3.34278331162293
-2.07394011158749
-10.9489506714494
10.0168081249172
2.84934913730573
-7.65939208870482
-10.5850451702412
-3.85637397898485
6.13974902741936
-3.31699013880604
0.551252984024708
7.73235084616204
16.4695857440413
16.3759581639114
10.5926529417268
16.762126867209
2.98285635226371
-13.8664393038933
15.3282972169925
-7.03193536386697
20.6530866981456
-10.1794320674535
-10.1001467405685
-18.7442585314525
-0.028852957872329
-0.00519928847856075
-0.00966897203881205
-0.0185409209690201
-0.0113311766871847
-0.000744856855182532
0.00357238761746596
-0.00462417782659919
-0.00872464496788942
0.00464384471022168
0.0150122890044653
0.000787498402266633
-0.00546183417501722
0.00830254087604866
0.00926597674025483
0.0201042796885778
0.0166115412863427
-0.00201552257958727
-0.0147912911084596
-0.00310624535879832
0.00614017439975938
-0.005839549141612
-0.00978195256231303
-0.00326891695619067
0.0101750634351717
0.00590275816824716
0.00334278331162293
-0.00207394011158749
-0.0109489506714494
0.0100168081249172
0.00284934913730573
-0.00765939208870482
-0.0105850451702412
-0.00385637397898485
0.00613974902741936
-0.00331699013880604
0.000551252984024708
0.00773235084616204
0.0164695857440413
0.0163759581639114
0.0105926529417268
0.016762126867209
0.00298285635226371
-0.0138664393038933
0.0153282972169925
-0.00703193536386697
0.0206530866981456
-0.0101794320674535
-0.0101001467405685
-0.0187442585314525
