vars
0.285332391849545
2.21656683783944
0.481246454945385
-3.23961430218008
0.209352248251219
-3.88752520381987
1.06861640497698
-0.293771656796831
2.08336314400916
-0.224414525107953
2.01004990555509
2.74040468804258
0.159208488126175
-4.65809145955094
5.68426358598607
0.100702707472321
1.01964112690013
1.61898575460023
0.125616056933358
9.40558005490801
0.182629469911973
0.227483848188883
2.90485688005074
4.10511917886475
4.6531229037831
0.326177021750599
0.0265403233900094
-5.87517667221884
-7.50613997176491
0.145084558624928
4.73965324860073
-0.585697445667258
-0.914250268538589
-0.469097191971947
-0.0475239390581449
0.585921534092742
-0.998755252328548
-0.124242549087578
-0.103824164147784
-0.805657574523381
-0.137270001390107
0.265260574685796
0.179160178036683
1.23700116105014
-0.179227369290051
0.225437890901569
0.413626737030673
0.167346006322564
0.354795354571827
-0.482951760976774
-0.233408172513837
-0.314563014433893
0.71801675189753
0.0490652719977403
-0.896644685915751
-0.314736924668552
-0.335078801707889
-0.0625138590440677
-0.849923588546742
0.0428430145317476
0.161314014375674
0.885617546928835
-0.24113693079663
-0.511835592260008
0.159027639958135
-0.355170155672167
1.35240029303931
-0.227373960533219
-0.318624976394343
-0.418467195867884
0.815832607924396
0.687952083974941
0.115459653185094
0.58076080458588
0.232650560148309
-0.179037378759489
0.625428389548379
0.668136944211195
-0.359615621785088
-0.227342383889615
0.170915746770176
-0.585697445667258
-0.914250268538589
-0.469097191971947
-0.0475239390581449
0.585921534092742
-0.998755252328548
-0.124242549087578
-0.103824164147784
-0.805657574523381
-0.137270001390107
0.265260574685796
0.179160178036683
1.23700116105014
-0.179227369290051
0.225437890901569
0.413626737030673
0.167346006322564
0.354795354571827
-0.482951760976774
-0.233408172513837
-0.314563014433893
0.71801675189753
0.0490652719977403
-0.896644685915751
-0.314736924668552
-0.335078801707889
-0.0625138590440677
-0.849923588546742
0.0428430145317476
0.161314014375674
0.885617546928835
-0.24113693079663
-0.511835592260008
0.159027639958135
-0.355170155672167
1.35240029303931
-0.227373960533219
-0.318624976394343
-0.418467195867884
0.815832607924396
0.687952083974941
0.115459653185094
0.58076080458588
0.232650560148309
-0.179037378759489
0.625428389548379
0.668136944211195
-0.359615621785088
-0.227342383889615
0.170915746770176
