vars
0.165536723163842
2.125
-3.46963276836158
0.199293785310735
-1.13177966101695
-1.46285310734463
-0.293926553672316
1.54392655367232
3.21285310734463
1.88177966101695
-2.44929378531073
4.21963276836158
-3.13516949152542
-0.466242937853107
0.20268361581921
-2.62838983050847
-2.45946327683616
1.20946327683616
2.87838983050847
-0.452683615819208
1.21624293785311
1.38516949152542
-0.00346963276836158
0.000199293785310735
-0.00113177966101695
-0.00146285310734463
-0.000293926553672316
0.00154392655367232
0.00321285310734463
0.00188177966101695
-0.00244929378531073
0.00421963276836158
-0.00313516949152542
-0.000466242937853107
0.00020268361581921
-0.00262838983050847
-0.00245946327683616
0.00120946327683616
0.00287838983050847
-0.000452683615819208
0.00121624293785311
0.00138516949152542
