vars
1.20553458108643
1.95584107839124
7.92160388333593
8.0685080745134
4.61008360091824
-6.75679997222471
10.4048471117766
3.89893021232872
5.27171800545681
-6.24038787822582
1.954032413471
10.9048158350192
15.7792468981611
-12.7479041371244
-16.5677264487011
-5.01979621265704
10.7613289604294
-3.00474549254961
-17.8905213039624
5.8883089702166
6.0571007884414
-13.0023387752758
8.06085903350709
-4.67960546890491
-4.78569016027104
-11.4587070274638
10.561958420882
-10.3511796558328
3.2563224693957
-0.710678003834023
-17.9122751065024
9.66647186977021
2.49216337858929
8.84710226865733
0.389626158679604
6.16497843454141
7.5895162499024
3.67124671900491
-7.92418726121326
-7.29882762745791
-2.29019565686324
11.7264012168001
-5.31275517044581
5.50650382385817
3.98448013543292
5.59722759126389
13.9730156597767
-13.5145364767388
5.23432052819792
3.624104073591
-2.49194472990551
-11.3509793250828
-12.633437011346
0.80685080745134
0.461008360091824
-0.675679997222471
1.04048471117766
0.389893021232872
0.527171800545681
-0.624038787822582
0.1954032413471
1.09048158350192
1.57792468981611
-1.27479041371244
-1.65677264487011
-0.501979621265704
1.07613289604294
-0.300474549254961
-1.78905213039624
0.58883089702166
0.60571007884414
-1.30023387752758
0.80608590335071
-0.467960546890491
-0.478569016027104
-1.14587070274638
1.0561958420882
-1.03511796558328
0.32563224693957
-0.0710678003834023
-1.79122751065024
0.966647186977021
0.249216337858929
0.884710226865733
0.0389626158679604
0.616497843454141
0.75895162499024
0.367124671900491
-0.792418726121326
-0.729882762745791
-0.229019565686324
1.17264012168001
-0.531275517044581
0.550650382385817
0.398448013543292
0.559722759126389
1.39730156597767
-1.35145364767388
0.523432052819792
0.3624104073591
-0.249194472990551
-1.13509793250828
-1.2633437011346
