vars
0.375641025641025
2.125
-1.36858974358974
1.88012820512821
0.128846153846153
-0.622435897435899
0.126282051282051
1.12371794871795
2.3724358974359
0.621153846153846
-4.1301282051282
2.11858974358974
-1.24423076923077
1.00448717948718
1.25320512820513
-1.99807692307692
-2.24935897435898
0.999358974358975
2.24807692307692
-1.50320512820513
-0.25448717948718
-0.50576923076923
-0.136858974358974
0.188012820512821
0.0128846153846153
-0.0622435897435899
0.0126282051282051
0.112371794871795
0.23724358974359
0.0621153846153845
-0.41301282051282
0.211858974358974
-0.124423076923077
0.100448717948718
0.125320512820513
-0.199807692307692
-0.224935897435898
0.0999358974358975
0.224807692307692
-0.150320512820513
-0.025448717948718
-0.050576923076923
