vars
0.380025940337225
2.125
-1.32474059662776
1.91520752269779
0.155155642023349
-0.604896238651117
0.135051880674444
1.11494811932556
2.35489623865113
0.594844357976664
-4.16520752269781
2.07474059662775
-1.20476653696499
1.03518158236059
1.27512970168613
-1.98492217898833
-2.24497405966278
0.994974059662771
2.23492217898833
-1.52512970168612
-0.285181582360578
-0.545233463035018
-1.32474059662776
1.91520752269779
0.155155642023349
-0.604896238651117
0.135051880674444
1.11494811932556
2.35489623865113
0.594844357976664
-4.16520752269781
2.07474059662775
-1.20476653696499
1.03518158236059
1.27512970168613
-1.98492217898833
-2.24497405966278
0.994974059662771
2.23492217898833
-1.52512970168612
-0.285181582360578
-0.545233463035018
