vars
1.21047835743411
1.96255341178164
7.92186712472996
8.00537907419183
4.64606694270875
-6.75151486116256
10.4677109295154
3.93236703220263
5.30318829585865
-6.22655658551996
2.08696811898701
10.886528699433
15.8533770315891
-12.8180803884269
-16.5670716694162
-5.05273849109367
10.7498700165194
-3.03622414559086
-17.7676479493115
5.89514773952421
6.04413220953915
-12.9045174395846
7.98129800904225
-4.74358047639316
-4.76438585951396
-11.5151436747112
10.5356698074222
-10.4817115966796
3.24363090872789
-0.710415175489571
-17.9303887253798
9.52313029546908
2.51650685377255
8.83212399358714
0.406017671070215
6.19278198690362
7.52866422911101
3.79157591637338
-7.92081199648575
-7.20870789221615
-2.22547679504737
11.7095755755575
-5.23486268400981
5.52738569997342
3.9622231686642
5.5610776601776
13.9268647627974
-13.5833062780298
5.22252450936797
3.65532971611986
-2.41372262008222
-11.3827515541071
-12.7474999959547
80.0537907419183
46.4606694270875
-67.5151486116256
104.677109295154
39.3236703220263
53.0318829585865
-62.2655658551996
20.8696811898701
108.86528699433
158.533770315891
-128.180803884269
-165.670716694162
-50.5273849109367
107.498700165194
-30.3622414559086
-177.676479493115
58.9514773952421
60.4413220953915
-129.045174395846
79.8129800904225
-47.4358047639316
-47.6438585951396
-115.151436747112
105.356698074222
-104.817115966796
32.4363090872789
-7.10415175489571
-179.303887253798
95.2313029546908
25.1650685377255
88.3212399358714
4.06017671070215
61.9278198690362
75.2866422911101
37.9157591637338
-79.2081199648575
-72.0870789221615
-22.2547679504737
117.095755755575
-52.3486268400981
55.2738569997341
39.622231686642
55.610776601776
139.268647627974
-135.833062780298
52.2252450936797
36.5532971611986
-24.1372262008222
-113.827515541071
-127.474999959547
