vars
0.380514538772104
2.12500000000046
-1.31985461227613
1.91911631017529
0.158087232632002
-0.602941844912447
0.136029077543996
1.11397092245593
2.35294184491397
0.591912767365364
-4.16911631017385
2.06985461227583
-1.20036915104758
1.03860177140614
1.27757269386052
-1.98345638368321
-2.24448546122831
0.994485461227426
2.23345638368281
-1.52757269386072
-0.288601771406041
-0.549630848950993
-131.985461227613
191.911631017529
15.8087232632002
-60.2941844912447
13.6029077543996
111.397092245593
235.294184491397
59.1912767365364
-416.911631017385
206.985461227583
-120.036915104758
103.860177140614
127.757269386052
-198.345638368321
-224.448546122831
99.4485461227426
223.345638368281
-152.757269386072
-28.8601771406041
-54.9630848950993
