vars
1.01824991064402
19.3692698177
-26.1221849338661
-5.5642543690017
-9.81948121229036
-18.3585217808056
-12.4485186200082
-0.896049487903702
4.5944818298342
-2.40826623131333
-10.217827736734
5.91080046739816
16.0815428679422
1.21827808199416
-4.20636146705654
7.58101413696186
8.88869898927923
20.3132935248424
17.4114859361373
-2.37740415847362
-15.1212788463481
-2.55589194420779
3.28489835952529
-5.9665929851258
-11.470951165041
-0.259827950264396
6.96968749459083
5.37195299454888
1.80955201034647
-1.28112916256307
-8.98507636825446
9.68106546560768
3.89148834491063
-10.9829339271803
-11.0503503433908
-4.68388240324943
6.64549961278903
-4.5796165503138
0.117568413528081
7.71349677170058
17.3141470129081
16.149155412369
11.882963577437
16.4588822864622
3.60501726777762
-14.1159533793697
15.8898241003673
-6.93572266162792
19.0105417246165
-10.1128597203971
-8.52582802307948
-18.7485712560084
-26.1221849338661
-5.5642543690017
-9.81948121229036
-18.3585217808056
-12.4485186200082
-0.896049487903702
4.5944818298342
-2.40826623131333
-10.217827736734
5.91080046739816
16.0815428679422
1.21827808199416
-4.20636146705654
7.58101413696186
8.88869898927923
20.3132935248424
17.4114859361373
-2.37740415847362
-15.1212788463481
-2.55589194420779
3.28489835952529
-5.9665929851258
-11.470951165041
-0.259827950264396
6.96968749459083
5.37195299454888
1.80955201034647
-1.28112916256307
-8.98507636825446
9.68106546560768
3.89148834491063
-10.9829339271803
-11.0503503433908
-4.68388240324943
6.64549961278903
-4.5796165503138
0.117568413528081
7.71349677170058
17.3141470129081
16.149155412369
11.882963577437
16.4588822864622
3.60501726777762
-14.1159533793697
15.8898241003673
-6.93572266162792
19.0105417246165
-10.1128597203971
-8.52582802307948
-18.7485712560084
