vars
0.992308215557455
1.87007951992788
7.04463531701203
-7.81351939757395
14.5562886575767
3.47272770713904
19.196166768179
5.32398410277147
-15.8680264515513
26.0923528577569
4.58090188796116
-11.3147307643157
10.7609685813235
9.80720731249323
18.742259898855
35.2621028609898
-7.22845365040581
-1.57675642031277
26.5547149908566
15.6897393975988
-0.0736674675971499
10.3280547128799
-17.5055283759171
23.8775803681776
16.8145968489431
30.0378024919012
-2.72571811895085
12.2529622899454
7.29544482996541
27.0595728943658
1.75990729237504
45.3054597626778
13.9511643574009
25.1384680165718
7.65527822738799
9.27389060981866
-8.32594721340138
0.0151806995330292
-0.464116476073571
-3.57922543272012
9.05291417427011
0.489459963099217
19.664901481457
-1.57369952910406
-3.12448737533014
28.7587231040659
-9.73618713867594
-2.22410833052266
20.4830121770319
10.8485640759176
26.8637731984099
0.197281623093401
5.35151868400694
7.74849879509407
9.90117288971872
1.68741142673259
-8.43767843835889
2.41095713514785
-0.66835322907043
3.14452480036785
5.04790353222873
3.66409711298438
9.71454063034965
5.91618794653119
7.54638237998928
7.871046750938
13.2833123455199
19.1267683473437
-3.59072315903594
-1.2745922287135
8.87133289630275
3.09920392661776
-6.49033924873109
-0.108022689731913
17.5956663182773
-5.29201377587866
-6.44355412311245
31.4591634685414
12.5526687053005
11.4207374365915
8.49003959011896
-0.950651970136958
7.39031825156761
-10.7832133851166
15.2512202063725
8.36984167404488
14.2457169475039
0.931521356896313
-5.21676061326477
10.6385535044184
3.58893124673117
6.87129304180484
11.1576954859001
-4.85613863646344
-2.11495003528816
8.49823631118049
18.5420099945054
-3.77612247079563
25.2335145891016
0.422099150812319
-7.62197497319923
9.63746572638833
-8.62216800816761
