vars
0.898257171805511
1.787851588683
14.1793152985248
-14.688342168651
7.16129223151888
-1.85417942444323
11.6206663490559
-1.79289195993496
-21.603908120921
19.0812729235542
-2.84407145035126
-16.4404251961636
2.50169417160446
0.694266610106368
12.1268425184484
27.9599618707536
-15.5072602269586
-7.89257279093604
21.8149366297603
9.30678261782133
-6.73809285629654
3.32211503248532
-23.7532590393711
19.0293642496175
10.6119990427203
21.5803870259992
-9.05002195151882
6.57039172711928
1.58172989678953
20.4801174350241
-4.64962390476636
37.0098819585906
5.15163534949621
15.7982781089311
-0.0774616800350625
2.03186721059723
-17.848906989337
-6.09635251958116
-7.89743611212219
-10.667401998546
1.61833330812002
-4.66716989904505
12.9772135203542
-8.15646429983058
-12.066327905609
21.8775725444043
-17.7062333176719
-10.2420130368324
14.31038597994
3.22360556681314
20.0572698888913
-8.08462092675782
-2.52420668202261
2.72392087225169
4.27451364035151
-4.70557312894244
-17.258086375375
-4.64588515614617
-9.09840375291558
-2.3281904632904
-3.74698278648511
-1.85288974439385
4.82236567661533
-1.31594350991815
-1.22017387510937
1.91891090388854
6.39118343380704
9.42576514045694
-10.2919012928876
-8.17973122933648
3.05105896054621
-4.67492982863455
-13.78802589076
-5.29095213431867
12.0385300058044
-11.7157039402934
-13.0294802544883
25.5567309811025
4.65578104213746
3.70975036179707
0.852199224087459
-7.36081901674247
0.0447125858030322
-15.1972815792938
9.62059808313803
1.19525779167554
6.72728989302667
-4.19935321283929
-12.0561738241603
3.9346920721226
-1.57515858482364
0.152054125598458
4.57290261353238
-11.5639789403811
-8.48505437045502
0.14793524750408
10.546780327636
-9.03415362744511
18.2648155658607
-7.03783268294307
-14.0862880324075
2.03338995628593
-15.3934952825319
