vars
1.11269507547418
2.63735937216681
1.20280817250319
-3.17687345147901
0.404898200719976
-3.02334592134272
1.40685654705593
-0.673532698449733
2.1652656187458
-0.893954386331606
1.8538159515682
2.32501325412378
0.43132269390176
-3.2455815019668
4.10180424303416
0.35351722807747
0.691102070939166
0.223025184450253
0.349079414882436
7.02126871613141
0.576935847356788
0.624631212067168
2.88848902369133
3.5901275965718
3.16394704337602
1.1202925065568
0.261544187850017
-5.01093296360906
-5.51313206986204
0.5410586919904
2.9474436874782
-1.32949137896524
-4.40292899298047
-3.80297330317523
0.697262557950948
3.70328046720971
-4.96987259089483
0.672453109469771
-3.09997054842191
-6.17333877138735
-0.153788586119249
2.27389914120082
2.66534142829655
8.7717084225441
-2.19425266445532
3.18043326066326
4.83271318759285
2.53242966639036
1.31693075297552
-2.18848871355957
-2.80213336983796
-3.51416208723716
3.02401842593038
-0.316305545531269
-3.33502981207382
-0.41389978085032
-0.469460725929063
0.846977555893291
-3.70658522142622
2.41732699157129
2.91083985499429
7.5018002586237
-0.4913672417669
-3.25272752804871
0.191859771783901
-1.64696203175931
10.5486833034665
1.06103264674726
-2.07706228247878
-0.603440640223137
4.541141542497
3.15898651077802
-0.11102123803838
4.33365117408157
2.14633845150304
-1.9270291655948
3.17555535112099
4.86046211386463
-0.426581647429611
-0.918253650661158
2.43643844647794
