vars
1.02848700577267
6.45533691319096
-12.9056951818397
7.30554737312887
3.07433727560584
-5.42742129214226
0.337025448189068
11.997692460227
17.6196187385353
10.7505648278139
2.52562637534026
18.9633591213974
29.1119611283645
14.1771943984967
8.8449112142871
20.4108850652032
21.7571219411874
33.2473745554302
30.4117445866904
10.4927429919397
-2.24755994364103
10.4164152887988
15.8758133099799
6.92985335640955
1.25057377099177
12.9878300781844
19.5213951848619
18.2231825979249
14.5485211361926
11.7183305935543
4.14552934239804
22.5541398816952
16.9188700681426
1.55554050853187
1.80821452503669
8.13411976553005
19.6128118294342
8.18965728658391
12.9796744346209
20.6220591533145
30.3194022241297
29.0344298756532
24.938137715754
29.3355961226703
16.5853661350956
-1.23322232951043
28.8633826364935
5.98572590775069
31.7372689458402
2.80526946181136
4.56115183338897
-5.83838040638125
