vars
1.21638516268586
1.85992435479365
2.61148482233468
14.2470115996529
9.02662681658031
-0.934892537906117
15.379459442481
8.80232610348187
10.444623573888
-0.635967760597329
5.8599824169652
14.7807899303496
20.4247564344371
-7.78457991727328
-10.9699335544873
1.41323587667969
16.5451109630455
2.68063232988379
-13.6686621104563
11.0371070832239
11.8563395943167
-9.3935152027887
13.7611074154134
0.162774263878765
0.0559694540687081
-5.39994613752823
14.6987855287814
-4.47577926550664
8.02623138797986
4.97211840050013
-11.1868665523941
16.4646693828274
8.34494729567558
14.4327077490348
4.84103155761167
11.2773931803437
14.683188911965
7.14355600477879
-2.64244887429534
-3.81871078903225
2.75297263629834
18.5277618603758
-0.353450814501736
10.5596234333576
8.70395130721764
11.7999780690144
19.3598248974201
-7.91849034775539
10.275211495968
7.35609003160124
2.61532301398704
-6.10155308590235
-6.87994025919128
