vars
1.02241432137266
16.1399533644294
-22.7697895245097
-2.35289030200457
-6.59834722594896
-15.1222216206595
-9.27143024908292
2.3250533623571
7.86903564216905
0.920673844643119
-7.05786139726763
9.19650933972684
19.3582451137432
4.46589361338776
-0.921175723433898
10.7761345032144
12.0995021697431
23.5508061579226
20.6759193692209
0.834100419277436
-11.90832129357
0.697170960259306
6.38281235765957
-2.74438999808145
-8.31990552962483
3.10524659346491
10.0516521308304
8.57576198728773
4.96769387475032
1.98297928335186
-5.66761825495992
12.8937608437204
7.16695533911954
-7.9063525277433
-7.843557393182
-1.49359020246869
9.8965305639073
-1.40914684659226
3.32580189095329
10.9406285170163
20.580613027558
19.3668137225239
15.1697364186762
19.6730581666123
6.86135147799819
-10.8993297199651
19.1433960301065
-3.70334886493897
22.1637036295403
-6.88183623757839
-5.22611673863652
-15.5207770561995
