vars
1.21166996577585
1.96082318221994
7.76399612245999
8.17854884079329
4.78322868020852
-6.57718884427329
10.6264530990052
4.08381573134327
5.46244867099041
-6.05731916642473
2.22560966598356
10.9978566978737
16.0041282291728
-12.6829112220184
-16.4003356637458
-4.86659576480127
10.9201185547306
-2.87244904998652
-17.6212044184195
6.04937749660072
6.21458484164275
-12.7809982827968
8.13712693512956
-4.61098809897604
-4.61692381195778
-11.3444285729357
10.6534937187667
-10.3294832942578
3.38298550563356
-0.541175498041364
-17.7328096254579
9.70104462355384
2.69509512830867
8.99576137968595
0.540813178171552
6.34957168997696
7.72992362889196
3.91489461810276
-7.76316440729167
-7.09042811418865
-2.06433626882123
11.9096778099638
-5.07395941335846
5.68117253433251
4.09838126417234
5.73969219438284
14.0790434312045
-13.4287460375093
5.37023510910889
3.77094670335116
-2.24828457870697
-11.2322191456656
-12.5960845589877
