vars
1.01835553033743
19.3653631200286
-26.1151566507234
-5.56080298804073
-9.81578204214118
-18.3544379591259
-12.4459365550939
-0.892351107436455
4.59953585842498
-2.40183283309823
-10.2156799288474
5.91613741561855
16.0866513859684
1.22264888935505
-4.20103778665403
7.58405353759929
8.89213614472406
20.3174080978178
17.4162832869194
-2.3739492138401
-15.1177870506867
-2.55138297804685
3.28547236722504
-5.9628667024804
-11.4690296079238
-0.252478092858801
6.96985698749658
5.3752127602197
1.81165354517265
-1.27634005427834
-8.97893418094929
9.68455061186089
3.89656553386565
-10.9829009666786
-11.0470148971986
-4.6809654567119
6.6499570436048
-4.57720235109839
0.120940395053764
7.71734805979027
17.3189959148988
16.1527664308057
11.8883275105812
16.4624049819263
3.60960920234508
-14.1123686022023
15.894345976694
-6.93173842220823
19.0125169553115
-10.1089097282566
-8.52013593906168
-18.7447031664376
