vars
0.970002726910914
1.79179053838139
1.29322910350749
-2.30503568490101
20.4079132239039
10.7889191862565
25.2192098376959
11.4469895514168
-9.94948518055837
32.6604206886715
9.51367247260623
-3.74347931647333
16.2673035422498
14.149816859614
25.0510914679777
40.4903652650286
-1.6042399246612
5.28937503356239
33.3120283439394
20.985874685521
5.89656283995421
15.8072742996041
-11.3304973037086
31.2860189289095
22.8196630594335
35.3812399465531
3.4302766399405
18.9356115643622
13.7141077862398
33.2113051248173
8.31431042720711
50.0251182527574
18.0217747427842
29.3127631084537
13.3673992611746
14.9864743205373
-3.32639092756108
6.5211729644311
5.21022449437346
1.77464395593433
15.0329951871516
6.93971356416828
25.9711318238947
4.80551235879395
1.80722271626963
35.17239485546
-4.62417176661438
3.17251138961383
26.6486826335404
16.2473602914085
32.9302283441951
4.95554764927201
11.0954906784189
14.4787793297686
16.6685528292879
7.46173067294359
-3.98286263966781
9.29952825523315
4.84292550253229
9.3676260411942
9.69129029234136
10.4596708636218
17.5618084914297
10.9106366664038
11.4106743739856
14.159997072387
18.5997616024581
23.2458287942821
2.28375616957856
4.40809715816852
15.439647579615
9.16665687763794
-1.10741603009687
6.86166498687239
24.1431965363406
0.609333645937787
-0.747676156091733
37.2171590093869
17.1201278423987
16.9965880509778
13.5445322786333
5.49671333390751
12.9198857274295
-3.00993099473109
21.6888131035554
14.0647649709611
19.9251390160252
7.72209207786322
0.356445176505545
17.3771052950153
9.88481968321748
12.7446441741881
17.5686292486969
2.36840007003247
4.34309369433768
14.3021807865436
24.3291699880704
2.37327641250487
31.3613678316778
5.30031912901892
-1.38514419632035
15.4983321449723
-3.60704252716005
