vars
0.896389374131104
1.78614696492059
14.3115001258948
-14.8157374486177
7.02413500012672
-1.9490788125498
11.480185428426
-1.9242756041118
-21.7085142054374
18.9525020160974
-2.98293486519584
-16.5310759996473
2.34720193712829
0.521649874641315
12.0054990530597
27.8238623638602
-15.6619910924206
-8.00737392259172
21.7308466825329
9.18875465179689
-6.8608079784498
3.1921180809841
-23.8675697327089
18.9439454511085
10.4983645361671
21.4218186100592
-9.1658544095852
6.46775994579666
1.47816696813857
20.3592863523229
-4.76663888384619
36.8537207722264
4.98482081991649
15.6210089325678
-0.221398671705016
1.89753432371164
-18.0287475641438
-6.20759452851601
-8.03555934629617
-10.7991610879489
1.4805579015486
-4.7597919345453
12.8544525181035
-8.27708298844501
-12.2348783804779
21.7511562982791
-17.8555456613284
-10.3919152343491
14.1975337096682
3.08139615355903
19.9318914777396
-8.24046744330944
-2.67090315605406
2.63422433400579
4.17307930333481
-4.82321472882431
-17.4248414031113
-4.77516115562878
-9.25623212871134
-2.42727519121684
-3.91300859198028
-1.95214339272225
4.73662124896139
-1.45095777510792
-1.38659448939876
1.81052393104996
6.26321549227804
9.24136738941857
-10.4154523446458
-8.3075075611135
2.94559295872019
-4.81924398369368
-13.9238497869548
-5.38345599135749
11.9381884011268
-11.8337916928449
-13.1509933790946
25.4486698154777
4.50723696172201
3.56607305231755
0.709318211432781
-7.47797685345609
-0.0918704372997999
-15.27375938729
9.51868438185376
1.06222320897286
6.58750725944482
-4.29105656693899
-12.1827972665235
3.81214128367112
-1.66811469215394
0.0281482416935162
4.45228288365974
-11.6860154758197
-8.60141515152518
-0.007975814949751
10.3977977209047
-9.12912668971978
18.1363377189918
-7.17744671510538
-14.2047620437856
1.89215220900655
-15.5194662117661
