vars
0.0414898169818887
2.04567181127407
0.0875767237149949
-3.0409994825749
0.0364936349511553
-3.98594895055059
1.01979560463726
-0.0493951311134202
2.03009764798035
-0.0651802005771418
2.00534334130333
2.93695510252125
0.00723230304405842
-4.94306364009048
5.94147686905917
0.00800730045801235
1.03936399700639
1.95459968115495
0.036972384994117
9.91670901524436
0.0150573786576436
0.0275673122938369
2.99079589999717
4.02081096752495
4.93829123322847
0.0798292196795267
-0.0234695155030291
-5.98474638915077
-7.9300653175646
0.0179971562643306
4.91361349466951
-0.204454290988286
-0.0765099224195759
-0.084946564587027
0.0766050386678179
0.0539029905976102
-0.157262259737206
0.0504261012207851
0.0327330672396914
-0.100756282581158
0.0132334791182193
0.075139067860587
-0.04428024572402
0.122836977480609
0.0535745303228382
0.0175813532978533
0.101387463108481
0.00108088773512923
0.193181871562903
-0.0850809922937922
0.00732934579566796
0.0486619619303097
0.113731205018989
-0.0340619653217791
-0.167148079311315
0.0745659180329083
-0.0770500724010789
-0.0280157413314404
-0.0851445795795043
-0.0655944965318041
0.0726193714529917
0.0783351483947096
0.0592582978403944
-0.0692843377785621
0.104286571512004
-0.0946460989625659
0.133684436998536
-0.0223360506327323
-0.0984126065766263
-0.0855723061466687
0.141022138507119
0.113047246265609
-0.0489624211109218
0.0425026003445144
0.0522085829008967
0.0100627301323502
0.0954531263852422
0.147613510734279
-0.0505122400718353
0.079431151510885
0.00589673158492269
