vars
1.13325882265023
1.73982995859034
0.537569964419544
-1.4438529285676
-0.186969520769401
-1.24941962077262
1.36855853196924
0.0339969687310601
1.06439593525356
-0.518010019315971
0.732737878268448
1.60628739155454
0.189400211602711
-0.890009592698492
1.44214816025098
0.284652316920652
0.0942377532604705
-0.477030878849025
0.128272163835932
2.80062434212082
0.203439956630909
0.415113822579225
1.78672321236458
1.3246538409972
0.989344889330968
0.990948629648371
0.204806107368658
-2.32446514257418
-1.94967438635626
0.482715007928105
0.749683664137313
-0.474566383435003
-13.4337930870858
-11.3580976081485
-1.144536190638
10.5812364638027
-8.76519256016986
7.06410786716066
-14.4954554424197
-26.3676088408324
-1.17632234838969
7.19530212970835
9.43105892781352
27.7379881703391
-9.40283768650989
7.6521855111498
22.3718354193503
7.47150850360731
1.5948538536916
-3.75487155577966
-10.361123628867
-13.7720101422761
3.58303780386101
0.41516664357964
-8.08559947521607
2.95214002323987
5.19627775060952
5.68549758072226
-5.54775837849672
12.7479379923353
8.54723160668259
16.531399662496
3.36806586356306
-17.5960874808758
-4.4982650114425
-9.31936512718918
28.4380386166398
10.3006218058948
-9.92678832009981
-3.87276995460633
8.45446430988404
4.21548679343996
-0.946993435164422
13.4220784921137
0.4684266479424
-12.6765216645977
6.43364161558671
25.802538837808
-0.0406687465459166
-7.92063931819775
12.2441099076933
