vars
0.249200516879527
0.337358673903449
0.077994179188531
-0.244776610495873
-0.0816201098119122
-0.20381221873339
0.33017264051377
0.0457016979843748
0.179835210653624
-0.0484596942511214
0.105165764350256
0.321229068937553
0.0285291171772305
-0.0829803977352899
0.215775443026784
0.0610011982405399
0.0192983814033841
-0.101979691102379
0.0381630262663217
0.457522488364769
0.0254970287706362
0.0648618428326493
0.329899714434376
0.197732107609758
0.135559176593175
0.198031594955443
0.0395684553476846
-0.398602532439522
-0.28010667810468
0.101795018477776
0.104387616926822
3.10041991459237
-19.1260666463917
-12.7025342740081
-6.6929271351064
13.9465188345912
-6.2183306345631
13.9120341636938
-19.2852172498359
-42.5114792960785
-3.58030072535679
10.3288964936075
13.1249877983749
41.60859260012
-15.1467201157759
10.4593613998913
36.7242729757994
8.87575798097394
1.6926669479148
-0.67909044955188
-15.4455307060628
-19.4748322179527
2.42193544607148
3.46867989097927
-10.8268397534422
7.60369512644045
11.1160658139633
8.0288671279055
-5.42387037876712
21.6741214560243
9.29877521396972
15.4334687054147
9.91050682757138
-29.2885423513747
-9.87505251796018
-17.7077340239069
37.0565827040476
19.2397755378878
-15.8358803774379
-7.66403484359273
9.71598883463932
3.70189942737732
-0.722757339383536
21.9491940395137
-7.45395045664583
-26.2183459422738
11.1287743318528
47.2104957085666
-2.9524962606012
-13.4611177745678
19.9489330956755
