vars
1.21943580200058
1.9463750377991
6.58322897052088
9.48786978865491
5.80113393422367
-5.27485991410357
11.799307562745
5.20894781350395
6.6463402364747
-4.79492576039838
3.23242119429626
11.8353185568896
17.1147611762386
-11.6556372222964
-15.1536051534163
-3.46733126219168
12.1958346931958
-1.64048240383048
-16.553857012654
7.20134270399283
7.49216917944954
-11.8790495110705
9.32075920703535
-3.60436469226802
-3.51877961935688
-10.0549587682832
11.5412716465131
-9.16108836201917
4.4283746784568
0.724333225282585
-16.2515643177477
11.0640985832281
4.02488764680864
10.2229321064215
1.54552959789488
7.51585820135183
9.24840024035853
4.81020725136061
-6.58489580665787
-6.22583007232597
-0.874002836403987
13.4094629861242
-3.88840527510359
6.82662468838305
5.12209441992173
7.08349484780522
15.2277988304815
-12.2570481505555
6.4777933286219
4.629117193933
-1.02895582560042
-10.0990357624694
-11.4375180856856
