vars
0.915079202977399
1.80314362365753
12.9807577509615
-13.5332338222904
8.40479935419337
-0.990260299656265
12.8943278531812
-0.601172718185515
-20.6539033721573
20.2498924158558
-1.58613453628612
-15.6145572813492
3.90118216842161
2.25600256174776
13.2282051695327
29.1932797218264
-14.1054971744804
-6.84963311057203
22.5807849731765
10.3771876972361
-5.62471251365644
4.5006568137306
-22.7154630114532
19.8078760453776
11.6435194877264
23.0164674452761
-7.99852128450861
7.50338724079705
2.52284802560775
21.5766952314796
-3.58704297163983
38.4236017610359
6.66075882723747
17.4017980015979
1.22704527815135
3.2497571941922
-16.2213358245624
-5.08588729301683
-6.64540163062664
-9.47309853671268
2.8675495454942
-3.82469251413651
14.0913579343161
-7.06156488901182
-10.5406505742885
23.0247948661554
-16.3538727843829
-8.88403602531407
15.3350190299503
4.5122051993442
21.1947702071581
-6.6736988179166
-1.19477931129024
3.54030573112893
5.19679798264153
-3.63815408845862
-15.7490989886449
-3.47237621008015
-7.66882262570611
-1.42766418942166
-2.24437551670125
-0.950243194723905
5.60427174494524
-0.0926569885747934
0.285181868505072
2.90340087194623
7.55125629758126
11.0935186060376
-9.17108169495051
-7.02100464091111
4.009496532715
-3.36665086798928
-12.5570324781993
-4.44899905303255
12.9507300197267
-10.6441287098888
-11.9272265009249
26.5377290262911
6.00064505244771
5.01177323387161
2.14649692957353
-6.29706126966104
1.28270528874247
-14.4990263892518
10.5468619021382
2.40142022394443
7.99429545556729
-3.36480643776928
-10.9079590487426
5.04739131675158
-0.729829204190027
1.27607270598717
5.66784448610762
-10.4554109847715
-7.42847397249752
1.56052962906108
11.8968708862438
-8.17078646145905
19.4303330700379
-5.77318297591616
-13.0108794627788
3.3137080522032
-14.2517472016412
