vars
1.21064565229608
1.96243954706779
7.90579407994582
8.02242626005596
4.66036748499928
-6.73371432256122
10.4844591728846
3.94809904761261
5.31969766301467
-6.20919492536544
2.10232009783049
10.8976938785104
15.8694160597675
-12.8049690456243
-16.5500871928311
-5.03408956158877
10.7670997053032
-3.01983976809124
-17.7515948185489
5.91091590233297
6.06136866036154
-12.8910319038663
7.99642636677341
-4.7306739688046
-4.74917260056086
-11.4982843231299
10.5474222608565
-10.4674234991074
3.25770258942869
-0.693179340571427
-17.9104372351439
9.53991551657133
2.53491856263277
8.84864763896933
0.419895197958242
6.20900565027666
7.54859350591605
3.80525014071042
-7.90472790353981
-7.19582753896129
-2.20846704442648
11.7297960134731
-5.21775471087331
5.54323921579549
3.97588041920949
5.57893004108669
13.9419317312137
-13.5682068824546
5.23745557119146
3.66739171898131
-2.39614971696453
-11.3677186754618
-12.7331416872461
