vars
1.01884675309702
18.9892939285682
-25.7245693951331
-5.18685141202117
-9.44067803256477
-17.9775449883016
-12.0760280484404
-0.517250770594259
4.98094112756872
-2.01401230593524
-9.84779109104422
6.29885850593896
16.4683100786996
1.60087659107948
-3.81837840320985
7.95608905023333
9.26602156012123
20.6944440887074
17.7964947832875
-1.99998106352258
-14.7436475113278
-2.17251271878148
3.6460416769588
-5.58763659644842
-11.1021930327416
0.139604759287847
7.32854495289698
5.74827315990586
2.17932717266131
-0.896166892504506
-8.59246803530734
10.0586592258114
4.2780785196738
-10.62484799322
-10.6736025178886
-4.3094994616174
7.0285876190966
-4.20807456471179
0.494522695082148
8.0931595489566
17.699447169212
16.5274604589287
12.2711741037746
16.8366882319006
3.98886533604263
-13.7377966187336
16.2732762791866
-6.55530859469296
19.3796031602062
-9.73263918015644
-8.13576316183522
-18.3688135359164
