vars
0.00580647233330467
2.02089403399579
0.0283996884894684
-3.0123906587124
0.00924412757802529
-3.99678982323809
1.01036060402615
-0.0113931877832627
2.02176282742903
-0.0415695521070134
2.0027694136271
2.97793064673145
-0.00958736391424608
-4.97927503939682
5.97621402963661
-0.00203954646597637
1.03574762260131
1.99854055358964
0.0139136555321109
9.98286076797731
-0.00799729777204305
-0.00226457070122521
2.99761483642085
4.00598713630317
4.97754826736276
0.0456475166806385
-0.0316478156855862
-5.99420112575151
-7.97937564976677
-0.00630108855089517
4.95372313827461
-0.167732035563815
0.0107401784148067
-0.0435406291501081
0.0771181530247167
-0.019508133156479
-0.0778874189390759
0.0570154970344813
0.000540796463906098
-0.0354693777684984
0.0560239233438722
0.0436754845881503
-0.0798934460414652
-0.018650868262941
0.070235531808631
-0.0126710212265826
0.0538390166958454
-0.0255819301094923
0.161196068221059
-0.0372378803757046
0.0241789343718026
0.0839457017661136
0.0122863446250451
-0.0369715081810717
-0.0983284708291995
0.109108508707303
-0.0489110000204321
-0.0339910249221233
0.0150265830990911
-0.0740411419810347
0.0545049807228379
-0.0305204424326936
0.0985778129724138
-0.0478803515017691
0.0807364149981548
-0.0711577226593095
-0.0277843478976915
0.00111570215091941
-0.0814154455056835
-0.0499647988625926
0.0300728781669585
0.0266625397031128
-0.0708669165580455
-0.0332707236454258
0.0143719674359021
0.0200622197476041
0.0160359437424535
0.0827493359669252
-0.0175586072190809
0.0915659472814998
-0.0010139908605442
