vars
1.21054023697798
1.96260324321884
7.92025926479801
8.00651097666611
4.6478278440077
-6.74968320157651
10.4699624708315
3.9342481975246
5.30512944424226
-6.22469094313933
2.08971905295582
10.8874801084032
15.8556602750239
-12.8174073405652
-16.5653640657277
-5.05117058480196
10.7514916715534
-3.03486989714599
-17.7649185404167
5.89678983770035
6.04574076795304
-12.9022740060419
7.98208762462963
-4.74287137981254
-4.76266739919858
-11.5139695382749
10.5366070797805
-10.4814712920535
3.24492473914129
-0.708685950381971
-17.9285549404072
9.52350404694244
2.51857367661136
8.83364275884166
0.407557403381307
6.19466103787637
7.53010582590549
3.79404363556477
-7.91916982991107
-7.20659539810963
-2.22318211256386
11.7114480736434
-5.23243795391387
5.52916448911981
3.96338817563026
5.5625364475524
13.9279530710508
-13.5824211025208
5.22391266060679
3.65682280152141
-2.41124827501249
-11.3815354667488
-12.747102383689
