vars
0.953253569581474
0.923331525274151
-9.59721033328297
13.161877088128
8.75416552339971
-0.0215821975729115
6.81257323782745
17.6780832064159
22.3343747750988
14.4827891785181
9.31049746309232
23.4765900085818
33.7879039828016
19.3786121916573
13.367592843157
26.5606703260374
27.6235845234581
38.6313093492318
35.309333431144
16.3465342669109
3.57998216641406
15.5194218969821
23.781709956066
12.590369244927
8.19660456720229
16.0672561453238
27.715429908204
24.2160008185302
21.3663528363892
16.6217905931317
8.08518460259101
28.3864183883937
21.6171287381535
9.84682774346276
7.74712514898268
14.3711297269734
24.7525273125395
14.7847766336604
18.8925607733814
26.193533051239
35.1802708443841
34.7770490150423
29.4321471470385
35.1411281668242
21.6292739682506
4.528088609573
33.9571932928689
11.4624979226941
38.6450676277713
8.3064359851308
8.82141786021389
-0.27887428279301
