vars
1.01840115618597
19.3305605461308
-26.0790056076501
-5.52619710285443
-9.78106911641479
-18.3195588708221
-12.4117061989472
-0.857638522847432
4.6348340586789
-2.36593876984865
-10.1816371637866
5.95155783232468
16.1219731248576
1.25765195035085
-4.16562310142923
7.61848145473097
8.92673588481193
20.352300470138
17.4514706070366
-2.3393417891769
-15.0831637070407
-2.51632023492199
3.31883527869058
-5.92814206464662
-11.4350845794924
-0.216188135731024
7.00304515539656
5.40973587102169
1.84567632093984
-1.24115629474373
-8.94316591552528
9.71917108309666
3.93187373921886
-10.9497717779887
-11.0124590937745
-4.64659043764855
6.68499752438325
-4.54304450992766
0.155511981068307
7.75212669774906
17.3542055043018
16.1874412765747
11.923759584212
16.4970416737098
3.64470778628657
-14.0777050922218
15.9294142967327
-6.89690235164581
19.0464851700744
-10.0740884519151
-8.48456211022816
-18.7099172705439
