vars
0.896200545401371
1.78597456578427
14.3248547094581
-14.8286081691134
7.01027790529168
-1.95866266154542
11.4659925616526
-1.93754877362588
-21.7190808482607
18.9394934629362
-2.99696548470633
-16.5402300945116
2.33159216639613
0.504206680980589
11.9932409913029
27.8101114693799
-15.6776248489555
-8.01897002212122
21.722354843249
9.17683056538269
-6.87320508164028
3.1789843414563
-23.8791170533211
18.9353200369434
10.4868853709444
21.4057966185018
-9.17755557711339
6.45739375221258
1.46770634696173
20.3470799027454
-4.77845912571952
36.8379413923759
4.96796381905511
15.6030952618821
-0.235941247425591
1.88396256261477
-18.0469202100629
-6.21883127554952
-8.04951429202783
-10.8124730944732
1.4666384675268
-4.76914657879458
12.8420511640076
-8.2892677064448
-12.2519098655528
21.7383855840501
-17.8706322862148
-10.4070611554635
14.1861338004235
3.06702784644971
19.9192252714624
-8.25621497057799
-2.68572463237675
2.62516573065259
4.16283424846296
-4.83509920960898
-17.4416919475158
-4.78822039610813
-9.27217912148976
-2.43728336594761
-3.92978520669241
-1.96216798434744
4.72796342347043
-1.46459923956844
-1.40341190949176
1.79957553040651
6.25028666400691
9.22273307527309
-10.427934056589
-8.32041659876279
2.93494014117027
-4.83382427478826
-13.9375726439425
-5.39279809179515
11.928053550221
-11.8457211258628
-13.1632692959852
25.4377537368346
4.49222736838118
3.55155656919835
0.694881620109338
-7.48981165896332
-0.105669860283995
-15.2814805969696
9.50839049204846
1.04878266428351
6.57338458211721
-4.30031795610575
-12.1955898927689
3.79976167725377
-1.67750328308027
0.0156306606869311
4.44009809692335
-11.6983425407051
-8.61316937566732
-0.0237286620250271
10.382745204639
-9.13871933061924
18.1233582822266
-7.19155327193302
-14.2167301349002
1.8778826533001
-15.5321935226404
