vars
0.915786953083294
1.41490900574986
0.370914578559886
20.6454847535729
8.73890687253763
1.13485598760732
13.6236733701349
8.83359029968072
10.6867345243377
0.835396161573832
-0.563894601015277
17.6524120023818
17.865997313213
-1.35751374150143
-8.68996251507522
6.03901314266961
19.6324957322266
6.96712769050354
-19.3680498670233
12.7868818202512
15.0417719495876
-13.7556729975454
21.0113062881866
6.1679323891548
0.813228960692599
0.546799195221029
18.1497290946066
5.96929669229522
10.8515079019621
7.30454259254213
-7.37611151614844
28.0055842451133
9.25223235010199
17.6705956518351
5.77051470872388
11.7249731163861
21.2466042284623
1.35087319978016
-0.635234161738281
-7.74985312185012
0.905888464879179
22.2845785789387
-3.03912802373865
11.4133633999442
12.1010221137873
16.5463776606609
24.4496534212752
-1.36706297252014
13.1357081189417
7.1329494380033
-0.0413164880512744
-1.94230955350807
2.51108468782893
