vars
0.31636656662707
2.23381587845122
0.516648205742288
-3.23535906874427
0.231557720367214
-3.87128393253352
1.09808608939583
-0.325635372472557
2.09628687262682
-0.260633038604819
2.0205405119488
2.6581355648546
0.139047795375731
-4.63924483528658
5.64089024006998
0.0918832412376878
1.04558520079327
1.59001656494319
0.196804162012749
9.3689022567514
0.194634507873654
0.241580388385079
2.94465366620736
4.10267365096911
4.60989392693121
0.348479183620506
0.0455246746421238
-5.88358178042865
-7.50803916520169
0.192313840993197
4.57115323527386
-0.497683433792963
-0.812243656690178
-0.49638512016152
0.109073732108645
0.671079368544011
-0.887566455157261
0.0119787853963747
0.123460716880826
-0.738413221238594
-0.254140982287393
0.367684957547037
0.285677718082483
1.39340938890318
-0.139434404267453
0.356815123196889
0.572871358937435
0.273217420296308
0.445822914204773
-0.475366684654854
-0.215715495803877
-0.312793860807729
0.900869300231382
-0.0286918426661718
-0.741733369635451
-0.175329527081837
-0.299832099764843
0.0225246619617754
-0.902843658027879
0.0817767759967082
0.305454593940416
1.09524589500787
-0.218929949812261
-0.319266445110304
0.270568182064682
-0.296654999179157
1.60096226648077
-0.146834445090651
-0.278173926915361
-0.317956874945702
1.04963910087071
0.816269376611513
0.089862858109026
0.720112149415658
0.390872793910735
-0.13122826213781
0.745453981543178
0.714979044489525
-0.283710376017005
-0.0222933733882542
0.148693235176461
