vars
0.895000265613656
1.78413226452855
14.3303420015064
-14.8348868568
7.00365286673057
-1.92575648610791
11.4599533662569
-1.93785378453719
-21.7089368675773
18.9462030701103
-3.0162704242622
-16.5019595070323
2.31204469203649
0.4607994367936
12.0002379028871
27.7959667062152
-15.6957692003896
-8.00159126990142
21.7533378761311
9.17239160482364
-6.87124379574776
3.17105704918321
-23.8704085362323
18.9740482370824
10.4937330683563
21.3821571663148
-9.16983610146737
6.47835361630275
1.48480780316608
20.3523018175139
-4.76618108535512
36.8074362861089
4.92388515444904
15.5552446100977
-0.247677780051512
1.87692509648363
-18.0853878544743
-6.20435636857218
-8.05889697119159
-10.822877521159
1.46136745633104
-4.74629151434947
12.8483218522969
-8.28100926243471
-12.2857352314348
21.7442552856869
-17.8927322731706
-10.4257801663924
14.1954343042649
3.05209601937334
19.9211256876626
-8.28606857093095
-2.69839896927819
2.65306055493902
4.1854716263696
-4.83318446666022
-17.4807882343956
-4.77762557222056
-9.29329308423687
-2.42051485675596
-3.96609403697456
-1.9381015161502
4.7721900342957
-1.48122809467523
-1.44995800895625
1.81264739199026
6.24125237126873
9.17068690161008
-10.4276157053025
-8.32463557356753
2.95304100828862
-4.84116405621981
-13.9495887905979
-5.3631885655497
11.9483905237685
-11.8423867095098
-13.1642576871181
25.4441395645211
4.46348220150306
3.53819008922096
0.675182739199684
-7.47898339346607
-0.116166373324003
-15.2336796446367
9.5265419034776
1.04215193827672
6.56325653494945
-4.27262649362104
-12.2006569993471
3.81170871578731
-1.65680159081282
0.0157610762832413
4.44876500086015
-11.6798787075523
-8.6018139546952
-0.0401325768908709
10.3695105294267
-9.12089182518061
18.1245357055942
-7.21192828937265
-14.2092593054554
1.86938279565177
-15.5441367278458
