vars
0.285332391849546
2.21656683783945
0.481246454945394
-3.23961430218009
0.209352248251229
-3.88752520381986
1.06861640497698
-0.293771656796836
2.08336314400918
-0.22441452510795
2.01004990555509
2.74040468804258
0.159208488126175
-4.65809145955094
5.68426358598605
0.100702707472349
1.01964112690012
1.61898575460023
0.125616056933364
9.40558005490801
0.182629469911998
0.22748384818887
2.90485688005076
4.10511917886473
4.6531229037831
0.326177021750592
0.0265403233900061
-5.87517667221883
-7.50613997176494
0.145084558624927
4.73965324860072
-0.585697445667311
-0.914250268538723
-0.469097191971922
-0.0475239390581379
0.585921534092753
-0.998755252328436
-0.124242549087462
-0.103824164147703
-0.805657574523259
-0.137270001390161
0.265260574685753
0.179160178036691
1.23700116105017
-0.17922736929005
0.22543789090158
0.413626737030633
0.167346006322673
0.354795354571794
-0.482951760976839
-0.233408172513787
-0.314563014433951
0.718016751897417
0.0490652719976685
-0.896644685915778
-0.314736924668418
-0.335078801707887
-0.0625138590440839
-0.849923588546895
0.042843014531865
0.161314014375613
0.885617546928909
-0.241136930796513
-0.511835592259985
0.159027639958152
-0.355170155672219
1.35240029303927
-0.227373960533136
-0.318624976394343
-0.418467195867827
0.815832607924436
0.687952083974922
0.115459653185012
0.580760804585921
0.232650560148251
-0.179037378759418
0.625428389548363
0.668136944211014
-0.359615621785185
-0.227342383889582
0.170915746770135
