vars
0.896061478359335
1.78577290615884
14.3267406910119
-14.8305247473036
7.00822761189235
-1.95632819413714
11.4639671691826
-1.93890802419328
-21.7191227336968
18.9388626909206
-3.00030199401284
-16.5373156886891
2.32807279975943
0.498115708582262
11.9927143370204
27.807319394834
-15.6810062237078
-8.01839135952447
21.7246065419054
9.175193142805
-6.87424957937602
3.17687638475199
-23.8794010617649
18.9383333262148
10.4864220078668
21.4018263978245
-9.17795400227697
6.45845426700765
1.46837129489668
20.3463808203241
-4.77841336519778
36.8333085387057
4.96186453128016
15.5965124196559
-0.238571852790601
1.88189965556589
-18.0525901677361
-6.21850709161692
-8.05185035008264
-10.8148468234579
1.46471740166871
-4.76779483756561
12.8414374514318
-8.2896607622287
-12.2570006990832
21.7376946539058
-17.8743545271573
-10.4104510409257
14.1859238319445
3.06409501122
19.9181476578582
-8.26077943399518
-2.68847708643727
2.62705149620329
4.16407478632518
-4.83609688362657
-17.4472920344301
-4.78846749175506
-9.27588910199276
-2.43660629665381
-3.93509894805265
-1.9607623067095
4.73152364655012
-1.46762888974018
-1.40975412139244
1.79978827895818
6.248088516121
9.21565804518761
-10.4291514482902
-8.32213092406182
2.93568579149651
-4.83601871588353
-13.9401489067376
-5.39076921873319
11.9290749698161
-11.8465812575065
-13.1645967774994
25.4373007067862
4.48784792648966
3.5487654867507
0.69146492168764
-7.48991243001749
-0.108101753288746
-15.2774686545515
9.50917724565112
1.0467736345388
6.57095709556089
-4.29847290487768
-12.1973773936273
3.79971814083667
-1.67637042408146
0.0143908615408754
4.43974590598882
-11.6977287098377
-8.61320930555833
-0.0269478438791193
10.3799134788654
-9.13789456259171
18.12217686731
-7.1950044828543
-14.2171802466446
1.87560333754446
-15.5346625074012
