vars
1.01834039393036
19.3692410114716
-26.1194818985211
-5.56461562778164
-9.81963019267979
-18.3583412343214
-12.4496246126353
-0.896199144809948
4.59549354221142
-2.40607282764925
-10.2193057526255
5.91205455416167
16.082601260951
1.21870448606626
-4.20511874670496
7.58029993906892
8.88832554369495
20.3135004156387
17.4122777554182
-2.37776236427127
-15.1216054822638
-2.5553471809607
3.28207208570774
-5.96671873853223
-11.4726230077845
-0.256849425823688
6.96651467698025
5.37142758098317
1.80803435271048
-1.28034440452338
-8.98313244184033
9.68073313322617
3.89251989867775
-10.9862237104264
-11.0508109222662
-4.6847015063268
6.64600022625556
-4.58086635170646
0.117139134071667
7.71347810913485
17.3149829956181
16.1489309133472
11.8842407818534
16.4585821220627
3.60563310914562
-14.1162003590274
15.890379923589
-6.93562742619791
19.0089158636549
-10.1127938242529
-8.52426969537026
-18.7485755249267
