vars
0.00535194618398962
2.02066264318441
0.0278330965357802
-3.01235203997313
0.00890719916973053
-3.99693352803567
1.0100219033774
-0.0109348312291816
2.02161930687551
-0.0411448371705255
2.00263571209667
2.97905843079363
-0.00936418152454187
-4.9795479841411
5.97675532240552
-0.00192960012636984
1.03540801611992
1.99892478342454
0.0130070766974856
9.98335879084487
-0.00815201426355919
-0.00253352663801945
2.99716327091482
4.00594970444861
4.97809530521291
0.0453358351358361
-0.0318708763405813
-5.99407581690715
-7.97939308683957
-0.00692125932908073
4.95563780925284
-0.168681074252417
0.00972808247239954
-0.0431952163887868
0.0755052864341987
-0.0205132392070126
-0.0790932618640454
0.0554937426009783
-0.00222663637955378
-0.0361972886126907
0.0576579226477678
0.0425846939938914
-0.0810658808348617
-0.0204002317872281
0.0698157461980493
-0.0140074887330854
0.0520251531343376
-0.0266928871187062
0.160118720788728
-0.0371670780248319
0.0239292903160937
0.0839472258542813
0.0100629702945989
-0.0360604501894755
-0.0999603189571587
0.107653272206166
-0.0493021615293436
-0.034955790564795
0.0157764980588686
-0.0743119286754244
0.0529817811163893
-0.0328676066778808
0.0985102550104031
-0.0500813652689232
0.0794278164841078
-0.0717487691171499
-0.0306858688997735
0.000361452767734249
-0.0818287000171694
-0.0508639216724003
0.0272967758787184
0.0251503298666489
-0.0706075162358264
-0.0347950013423137
0.012615727832344
0.0195230817453229
0.0145479938677457
0.0821370693400638
-0.0182834163036834
0.0893050088638496
-0.000562799119141033
