vars
1.12241928774657
1.69850841226302
0.538295799962031
-1.52560608186407
-0.162192733135101
-1.33511610143556
1.25529777441896
0.1087453711165
1.0140572951653
-0.453689965080145
0.746285878767478
1.64281606503356
0.256494661716121
-0.91571763310512
1.54936975041984
0.289549959898786
0.0327454913844278
-0.430136897573803
-0.00428749005337269
2.87319381897154
0.177237655727857
0.462717528022322
1.67043339268658
1.39646177842837
1.06201439909603
0.973680860081818
0.188732027521477
-2.32254713945147
-1.902383973131
0.399988454086064
2.48114091591439
-1.9544544845173
-15.0538831098132
-12.3857808109002
-3.37541575146372
9.07241580302491
-10.5119600681151
5.35448372019727
-16.3199710729143
-27.8020081383652
-2.29326735078004
5.54783466096685
7.85183053412557
25.9507483157353
-10.9477453615496
5.89107512887178
20.705073823731
5.78678585155224
0.307030495158454
-4.82274279117055
-11.420582716809
-14.8444435511844
1.94748568498645
-0.361144481154646
-9.83201487293637
1.33526655645961
4.19272413123871
4.1307341047852
-6.52389025083393
11.1623321233345
7.00391307622956
14.5090026632927
1.84761205823004
-19.2946689503377
-5.83852663609231
-10.7189574565375
26.6838092090413
8.50428373149106
-11.2728997477212
-5.5340550522236
6.55779500171176
2.57449040326596
-1.9724907216758
11.794314639458
-1.37815837268597
-14.2719703484305
5.37266017348663
24.7209907485556
-1.43823060259854
-9.7708603612844
11.1354304231645
