vars
1.1622837239346
1.89692030843769
7.91914423070532
8.62274901551837
4.29370041139606
-6.80198807767129
9.85419012786339
3.60570484601339
4.99618594255497
-6.36076456289538
0.788165063199301
11.0624677547758
15.1293941181935
-12.1341525740466
-16.5727879807153
-4.72930896864152
10.8626245413673
-2.72840382541481
-18.9677540823553
5.8283204091793
6.17163700313635
-13.8613994323627
8.75806658853596
-4.12034607881933
-4.97283631878745
-10.963254530272
10.7901088658091
-9.20753807226465
3.36659579827973
-0.712157189644509
-17.7510530451524
10.9238773719931
2.2802227282113
8.97884675069717
0.244782054345432
5.92143134104774
8.1254624165845
2.61494296083495
-7.95362419580564
-8.09071014598299
-2.85696641645292
11.8764859411116
-5.99497740786255
5.32343257181715
4.17838428035865
5.91537844373038
14.3772424284823
-12.91196483394
5.33723960765798
3.3481399265695
-3.1767877351914
-11.0728467154359
-11.6341571195497
