vars
1.01734596142892
19.3695575986648
-26.1491888898206
-5.56064530920289
-9.81799286332002
-18.3603254824517
-12.4374694947163
-0.894554380369253
4.58437458631199
-2.43017884743382
-10.2030620119256
5.89827184702946
16.070969273988
1.21401820548341
-4.21877653431773
7.58814914112396
8.89242979810141
20.3112266373512
17.4035754761416
-2.37382559868962
-15.1180156770771
-2.5613342565863
3.31313349666956
-5.96533667915235
-11.4542490646091
-0.289584106785078
7.00138468533483
5.37720199908096
1.82471376544586
-1.28896907911025
-9.00449664829506
9.68438554391125
3.88118288125782
-10.9500682223268
-11.0457490525897
-4.67569937172467
6.64049836704652
-4.56713074180168
0.121857015804352
7.7136832151025
17.3057953499106
16.1513982101597
11.8702040062984
16.461880999093
3.59886486831398
-14.1134859947663
15.8842712962462
-6.93667408587
19.0267844562978
-10.1135180383048
-8.54139608174403
-18.7485286085138
