vars
0.248027965048242
0.328448077223058
0.0770327305967911
-0.259680320698734
-0.0742580500085976
-0.218011718851445
0.305593296532861
0.0649333656895842
0.169301232419077
-0.042868131718703
0.109771500783654
0.320752217451842
0.0426084841645276
-0.0899601730826188
0.235478272638151
0.0598666144534221
0.00526693547790057
-0.0951239912398558
0.0157810135631433
0.472323804625252
0.0211089122731325
0.0751874800071724
0.307825853535539
0.211262338668473
0.14524170347711
0.195817949939216
0.0400294507778777
-0.397188436749093
-0.269079674730082
0.0883931094692633
2.23771325786495
1.0131239384037
-21.2290928031326
-14.6988225857708
-8.97144514763302
11.8531196527
-8.37174431911016
11.7764047050108
-21.4434955391664
-44.6039609144366
-5.60626271995274
8.20069276525404
11.0204709875343
39.4705253784434
-17.270610831625
8.32715632810039
34.6046511239335
6.72959660949687
-0.334074981092491
-2.65403263799977
-17.4442808165698
-21.4757243698731
0.31614284433927
1.54113378235881
-12.9639368912856
5.50578283704983
9.15145591374576
5.91663097146014
-7.39275392984202
19.5465000179369
7.22440703622565
13.229171439827
7.80053277903853
-31.4079958194358
-11.9179253221228
-19.7793514807625
34.9469010671252
17.0662581485913
-17.8936592280836
-9.7659145013762
7.54606093662558
1.57100954449263
-2.71639645132646
19.8441006310042
-9.63278925243979
-28.3598754326725
9.17194642264708
45.2272218718823
-5.00995070193063
-15.6107774867463
17.9538764311596
