vars
1.21052347652415
1.96261465071722
7.92186951070397
8.00480313656594
4.64639517624654
-6.75146651654082
10.4682845799451
3.9326721175861
5.3034754852742
-6.22643028905159
2.08818104680012
10.8863615573987
15.8540534369289
-12.8187208678009
-16.5670656234565
-5.05303889596588
10.7497655472275
-3.03651133385198
-17.7665267914526
5.89521013640383
6.04401396617389
-12.903625022422
7.98057202240068
-4.74416438576686
-4.76419150746378
-11.5156585602297
10.535429692679
-10.482902712524
3.24351500003447
-0.710412690516774
-17.930553748526
9.52182245190984
2.51672913139782
8.83198736953402
0.406167115543639
6.19303570219214
7.52810924321621
3.79267371532329
-7.92078118267544
-7.2078857842703
-2.22488620254192
11.7094223208185
-5.23415188436021
5.52757623669144
3.96201995631794
5.56074793891625
13.9264436191092
-13.5839338032083
5.22241682433039
3.65561440213806
-2.4130087844811
-11.3830415034658
-12.7485408385312
