vars
0.88452044390765
1.76789231800396
14.3659587510067
-14.8782139974379
6.95852802899975
-1.62316774081628
11.4205067677199
-1.92725751486413
-21.6085073695795
19.0191490252109
-3.1745021380929
-16.1519882347921
2.15372328706128
0.0916278764703193
12.0747642062207
27.683489462739
-15.8415176755156
-7.83514133773823
22.0373001664911
9.1442625275554
-6.8415438431114
3.11334051276252
-23.7815189172964
19.3274140031514
10.5659006556893
21.1878034070437
-9.08958425403899
6.67519363809466
1.64728494548772
20.4108949580933
-4.64502726969422
36.551396800736
4.54794090382048
15.1469762189849
-0.33758799212803
1.82773841363851
-18.4094484388026
-6.06433443068264
-8.12854132656988
-10.902500534497
1.42842719571065
-4.53384303469484
12.9165456094468
-8.1953036754236
-12.569804049061
21.8093810229911
-18.0745569441842
-10.5773070307681
14.2894212172139
2.9333963600821
19.9506357097618
-8.53632669423576
-2.79632441565562
2.91016572619126
4.39714614768447
-4.80457512404426
-17.8122076014272
-4.66988615067395
-9.4651722640538
-2.26160905861751
-4.27269590318618
-1.71394365736436
5.17474422348025
-1.61605261034624
-1.8480087220821
1.93974920081024
6.17337160584331
8.72586652906416
-10.4124892539986
-8.3495022043726
3.12470399199393
-4.89172568034901
-14.0430769765336
-5.09038400274575
12.1393585941853
-11.8010289143592
-13.1610819511385
25.5114378643897
4.22216034842466
3.43367677773073
0.513964155179877
-7.37076875908818
-0.195971040891731
-14.8004099037647
9.69818432212729
0.996428093206562
6.48717067792953
-4.01707214228665
-12.2332575820934
3.93064009832594
-1.46355566383341
0.0292549257706949
4.53812156635186
-11.5027681932002
-8.48899355219145
-0.170167990562998
10.2668807225337
-8.95306738000498
18.1479956906616
-7.3796246169116
-14.1308786358121
1.80804328074455
-15.6382830681912
