vars
0.791484371290805
1.62056175877905
14.6865171580133
-15.2835835516892
6.56226083538435
1.11977075938098
11.0861576464643
-1.81781723379432
-20.7301394374671
19.7046689734345
-4.62387201419692
-12.9772660849202
0.74499989215288
-3.24058816821302
12.7553461484626
26.6546206505229
-17.1320416069829
-6.3123725694507
24.5773751683699
8.85614131257874
-6.57647996408509
2.58032551973137
-22.985297323799
22.5199892992632
11.2039642171827
19.4529711068706
-8.3700927339555
8.4498295144651
3.10307453814046
20.9411301677826
-3.53993370464883
34.2333683310852
1.13699389495511
11.461525808123
-1.13463481338578
1.3859930694995
-21.3006690708152
-4.79813397532973
-8.75151968942821
-11.6356796028283
1.14773554751173
-2.6398266040702
13.5419568712567
-7.41211114614107
-15.1170410235587
22.415526029544
-19.7168024841039
-11.9346803278707
15.1294349780643
1.86256157629559
20.2209930378118
-10.8011304825688
-3.66099473528089
5.2139892679352
6.30731688918574
-4.56317640619163
-20.8069724980313
-3.65768126181263
-10.9918152593527
-0.851101074129739
-7.03733476075251
0.307166948397061
8.82813141108083
-2.85676534247301
-5.46671284741952
3.07755863831368
5.53992787056156
4.7175505973449
-10.281479322222
-8.5812410970674
4.67143940422788
-5.31983343461883
-14.8951158673156
-2.63230797780083
13.853008405492
-11.4392386223968
-13.1472293782905
26.0891761622259
2.02153359229144
2.49939105223604
-0.952670813396065
-6.38628675101119
-0.918044052665739
-10.8844072887473
11.235298204938
0.583616581237094
5.80836430035895
-1.7224230003312
-12.5403747830405
5.02964655610146
0.251789689829831
0.145940709748804
5.35545616447619
-9.86110956079921
-7.46355996685253
-1.31063064961614
9.36428952317903
-7.4700775677718
18.3700079171187
-8.91550307745063
-13.4218722468515
1.27098838578444
-16.5226299094052
