vars
1.20553458108646
1.95584107839122
7.92160388333591
8.06850807451361
4.61008360091803
-6.75679997222445
10.4048471117766
3.89893021232874
5.27171800545689
-6.24038787822568
1.95403241347093
10.9048158350188
15.7792468981612
-12.7479041371247
-16.5677264487009
-5.01979621265681
10.7613289604295
-3.00474549254958
-17.8905213039623
5.88830897021659
6.05710078844149
-13.002338775276
8.06085903350695
-4.67960546890529
-4.78569016027114
-11.4587070274636
10.5619584208818
-10.351179655833
3.25632246939555
-0.710678003833937
-17.912275106502
9.66647186977048
2.4921633785896
8.8471022686574
0.389626158679423
6.16497843454143
7.58951624990275
3.67124671900463
-7.92418726121323
-7.29882762745833
-2.29019565686315
11.7264012168007
-5.31275517044564
5.50650382385817
3.98448013543269
5.59722759126418
13.9730156597767
-13.5145364767389
5.23432052819779
3.62410407359057
-2.49194472990529
-11.3509793250829
-12.6334370113463
