vars
1.00839396522692
19.3724075531341
-26.4166146556728
-5.52490404291661
-9.80325343536601
-18.3781879132353
-12.328047719696
-0.879748020958287
4.48428046143412
-2.64718402098158
-10.0568339825311
5.77419832597909
15.9662567842371
1.17183176656637
-4.34172551543005
7.65880856434639
8.92937677017387
20.2907578226616
17.3252365532682
-2.33838638035755
-15.085699836282
-2.61523060267695
3.5927519047123
-5.95289522103258
-11.2888447065623
-0.584265484571191
7.31528852687406
5.42918397755133
1.97486376480959
-1.36660939560551
-9.1968197016589
9.71726496663087
3.77912574139355
-10.6245923436927
-11.0001815172843
-4.59466111658782
6.59096999516411
-4.44348119543071
0.164327931921101
7.71552960270626
17.2230871023831
16.173609100957
11.7438433319699
16.4915778710316
3.53793638283982
-14.0890509742688
15.8292807275621
-6.94609623709269
19.1876395905001
-10.1200374968235
-8.69556978941118
-18.7481062615471
