vars
1.05947360398557
2.58101831576349
1.17235869422578
-3.26853672440234
0.383155199034065
-3.13638420299836
1.27174142670335
-0.597877999489675
2.10167401380728
-0.746361623609697
1.82976723407479
2.51423603507401
0.52259662835404
-3.28317448837605
4.26010399211999
0.379638222762016
0.611102718496259
0.310276478467924
0.115848462835275
7.12790022065012
0.533522684094141
0.653791836087099
2.71535570205075
3.65925466498601
3.3109186332376
1.0683697476148
0.192559361507295
-5.00091089159713
-5.4736688961581
0.393707212847512
3.85148153840532
-1.89235009442812
-5.12504844601987
-3.81897862735698
-0.381687381330408
3.1796190106784
-5.69264647054855
-0.118839502080752
-4.12772832662301
-6.62821377273648
-0.0379002987979149
1.58885807324566
1.99961952637435
7.86274507717101
-2.58670856234669
2.29097170765508
3.9939223643041
1.82337034089908
0.831173125025343
-2.43593026201361
-2.93840134365034
-3.64249176316379
2.1767063582711
-0.0957586986737953
-4.25598286041223
-1.26449881149433
-0.69409301060082
0.302594050400008
-3.69496111436544
1.92685749225792
2.06428752390008
6.34755458423921
-0.906011677698393
-4.22859905399634
-0.378354025079707
-2.0992315868681
9.37543038903532
0.381625308599055
-2.44179234037726
-1.41352552717863
3.43212562217421
2.46757013565947
-0.0986634076790405
3.51704193900758
1.23388457169582
-2.34068313561116
2.68771078965483
4.61703276431198
-0.987693146800306
-2.03357929030293
2.25965178367543
