vars
0.851070301175368
1.46054489679231
7.89160774605591
12.7335077220077
1.91786014222105
-7.06127548287314
5.84858977578556
1.45172136427019
3.00022291232634
-7.18756770686362
-7.78129750837018
12.0503045266132
10.3703467069405
-7.72972133562437
-16.5673359894369
-2.49528783586655
11.6572126011085
-0.680371885614183
-26.861539238375
5.38666910143862
7.0636035500458
-20.2478989149829
13.8479594554736
-0.123104972217083
-6.36745933470725
-7.29058605706924
12.3164429593111
-0.87312228674973
4.112388729643
-0.671299291368059
-16.4180270961663
20.1835240141246
0.819831868975825
9.97117339922834
-0.888009600489553
4.14973644917938
12.2066492242682
-5.21167674643499
-8.15967921700461
-14.0063643156717
-6.97128268510928
13.1375731464806
-10.9526769417133
3.98194835180073
5.52264450100597
8.32341941172085
17.3156062200083
-8.51737033472795
6.06028290919467
1.18753966763875
-8.13683326039902
-9.06074442452067
-4.35622624845593
