vars
0.0371182755463358
2.0434295078593
0.0821729736645766
-3.04071909834204
0.0332629897174698
-3.98741416580415
1.01645582606891
-0.0449813651624059
2.02867708388734
-0.0610011310185303
2.00403818037192
2.94787284341499
0.00944474296821718
-4.94569124362573
5.94676660626158
0.00908316235769097
1.03606159333465
1.95833027583061
0.0281305826940824
9.92153158416772
0.0135520467415146
0.0250365747352984
2.9863336563831
4.02051670969167
4.94362913270535
0.0768189654264876
-0.0256652559327195
-5.98354250954067
-7.93019138694185
0.0119697389837122
4.93250917267939
-0.21387684349411
-0.0866637713741447
-0.0815659362520087
0.0605073077793641
0.0440378233726246
-0.169221668978244
0.0353807418499557
0.00563216054169402
-0.107977599013942
0.0290335356916653
0.0642986072117893
-0.0558876271912041
0.105547744442767
0.0494097365919934
0.00421850147131764
0.0834881998602626
-0.00998215400694136
0.182601813785164
-0.0845551918648333
0.00492903604198958
0.0486614329002641
0.0919561207551376
-0.0250846094315218
-0.183404394623874
0.0600546938199269
-0.0809216307905629
-0.0375308558617311
-0.0779022994492298
-0.0684495925354085
0.0574526165008633
0.0551320103450657
0.058392073505928
-0.0909958192598737
0.0914194077690702
-0.100557544332673
0.105128791232865
-0.0299550416877032
-0.102533140867699
-0.0947169438857038
0.11375804832503
0.0981908999848768
-0.0463513690090069
0.027395314684707
0.0348319238947816
0.00475295815182264
0.0809050037765537
0.141668607876873
-0.057820707413577
0.057034602967736
0.0101350261918967
