vars
0.92683811681134
19.3983716453261
-28.852957872329
-5.19928847856073
-9.66897203881204
-18.5409209690201
-11.3311766871847
-0.744856855182526
3.57238761746596
-4.6241778265992
-8.7246449678894
4.64384471022167
15.0122890044653
0.787498402266647
-5.46183417501722
8.30254087604868
9.26597674025484
20.1042796885778
16.6115412863427
-2.01552257958727
-14.7912911084596
-3.10624535879832
6.14017439975941
-5.83954914161199
-9.78195256231301
-3.26891695619068
10.1750634351717
5.90275816824718
3.34278331162295
-2.07394011158749
-10.9489506714495
10.0168081249172
2.84934913730572
-7.65939208870478
-10.5850451702412
-3.85637397898484
6.13974902741936
-3.31699013880601
0.551252984024721
7.73235084616205
16.4695857440413
16.3759581639114
10.5926529417268
16.762126867209
2.98285635226371
-13.8664393038933
15.3282972169925
-7.03193536386696
20.6530866981456
-10.1794320674535
-10.1001467405685
-18.7442585314525
