vars
0.89616773358147
1.78593713851979
14.3263801591553
-14.8300882409678
7.00868571721201
-1.95938852603748
11.4643692511798
-1.93901339197404
-21.7201427686189
18.9381281935386
-2.99870368514666
-16.5408549347064
2.32967759417961
0.501851370582735
11.9919612643032
27.8084557231207
-15.6795280210414
-8.02007293387709
21.7217300178952
9.1754731773894
-6.87455051991406
3.17745879883978
-23.8803013620479
18.9347580107727
10.4856899468187
21.4037956875429
-9.17876673027085
6.45646215478774
1.46672573413145
20.3457880971955
-4.77963777351365
36.8358984754894
4.9656663583983
15.6006436585169
-0.237660096622736
1.88239767677424
-18.0493064357128
-6.2199236651719
-8.05114485641998
-10.8140430640498
1.4650529635895
-4.76994778586194
12.8407483855079
-8.29052672927606
-12.2541239313961
21.7370381071751
-17.8725147785352
-10.4089163433953
14.1849716536332
3.06529621485094
19.9178495821436
-8.25824785898689
-2.6874835882213
2.62444757014786
4.16193278329048
-4.83638864788426
-17.4439388334567
-4.78955236595951
-9.27414651639519
-2.43821747419108
-3.93199605314759
-1.96303086288875
4.72745285560496
-1.46626779190617
-1.40572970406557
1.79850086086189
6.24877261395907
9.2201601049569
-10.4293052567841
-8.32188027818906
2.93394835962436
-4.83550327678495
-13.9392039987594
-5.39353031940106
11.9271412017638
-11.8470013078578
-13.1646309059085
25.4366157150984
4.4902868571374
3.54982428187318
0.693094759288385
-7.4910064202093
-0.10729444076315
-15.2818522257967
9.50743875226429
1.04723630266501
6.57172808242707
-4.30106048910045
-12.1970492370475
3.79851810149935
-1.67832978014622
0.0142536288516413
4.4388431543365
-11.6995151094051
-8.61434998526153
-0.0256275346861727
10.3809551917767
-9.13959706733558
18.1219408549597
-7.19331054637165
-14.2179731783818
1.87622626918425
-15.5337144872887
