vars
1.21047835743026
1.96255341178172
7.92186712473252
8.00537907419268
4.64606694271229
-6.75151486118245
10.4677109294863
3.93236703219697
5.30318829584567
-6.22655658553797
2.08696811896996
10.8865286994946
15.8533770315738
-12.818080388382
-16.5670716694312
-5.05273849112263
10.7498700165106
-3.0362241455957
-17.7676479493272
5.8951477395238
6.04413220952758
-12.9045174395968
7.98129800906089
-4.7435804763608
-4.76438585950899
-11.5151436747199
10.5356698074867
-10.4817115966309
3.24363090874865
-0.710415175509478
-17.9303887254304
9.52313029549413
2.51650685373739
8.83212399358383
0.40601767109466
6.19278198689535
7.52866422907421
3.79157591636598
-7.92081199648916
-7.20870789221551
-2.22547679507347
11.7095755755173
-5.23486268403455
5.52738569996779
3.96222316870046
5.56107766017178
13.9268647628229
-13.5833062780001
5.22252450937781
3.65532971615912
-2.41372262011467
-11.3827515540996
-12.7474999959297
