vars
1.01834944309316
19.3692381305832
-26.1192115700671
-5.56465175699015
-9.81964509209219
-18.3583231780085
-12.4497352220943
-0.896214111880285
4.59559472277619
-2.40585346706196
-10.2194535678406
5.91217997439936
16.0827071100093
1.21874713040448
-4.20499446321318
7.58022851269542
8.8882881956937
20.3135211066256
17.4123569446461
-2.37779818815334
-15.1216381488667
-2.55529269961383
3.28178943227048
-5.9667313150322
-11.4727902074716
-0.256551545920459
6.96619736596914
5.37137503478282
1.80788257295562
-1.28026592148473
-8.98293803127745
9.6806998969242
3.89262306356443
-10.9865527190796
-11.0508569843998
-4.68478342418594
6.64605029221743
-4.58099134336757
0.117096202168477
7.71347624270622
17.315066601596
16.1489084613753
11.8843685140695
16.4585521028555
3.60569469895999
-14.11622505927
15.8904355110353
-6.93561790177694
19.0087532625697
-10.112787234031
-8.52411384823304
-18.7485759518579
