vars
0.896178360527083
1.78595356350666
14.326344101761
-14.8300445874354
7.00873153449746
-1.9596945921626
11.4644094670198
-1.93902392797701
-21.7202447876547
18.9380547393573
-2.99854383920043
-16.5412088970742
2.32983809466384
0.50222497902363
11.9918859496412
27.808569366856
-15.679380180492
-8.02024110742473
21.721442329686
9.17550117913614
-6.87458061780034
3.17751704511597
-23.8803914031277
18.934400439232
10.4856167305353
21.4039926415539
-9.1788480129554
6.45626292074334
1.46656115791384
20.3457288183746
-4.77976022654594
36.8361574974605
4.96604658159047
15.6010568290686
-0.23756890862934
1.88244748484336
-18.0489780205598
-6.22006533821247
-8.05107429827165
-10.8139626810854
1.46508652594695
-4.77016310839794
12.8406794724937
-8.29061333440472
-12.2538362197002
21.7369724476877
-17.8723307830212
-10.4087628548151
14.1848764238478
3.06541634887813
19.917819771771
-8.25799467370483
-2.68738422442548
2.62418714569542
4.16171855870288
-4.83641783000884
-17.4436034759147
-4.78966085998427
-9.27397223460004
-2.43837861355671
-3.93168572817059
-1.96325774446944
4.72704573331003
-1.466131670119
-1.40532722050727
1.79837210314968
6.24884102852217
9.22061036279877
-10.4293206401602
-8.32185521180643
2.93377459640222
-4.83545172301688
-13.9391094984454
-5.39380646130357
11.9269478016577
-11.8470433192837
-13.1646343212467
25.4365472039492
4.49053077458623
3.54993017465089
0.693257759846535
-7.49111583049899
-0.107213700629989
-15.2822906317437
9.50726488153366
1.04728257469512
6.57180519096619
-4.30131927849728
-12.1970164195117
3.79839808763223
-1.67852574203192
0.0142399033022306
4.43875287050068
-11.6996937634287
-8.61446406511882
-0.0254954840961474
10.3810593782346
-9.13976734159769
18.1219172525181
-7.19314113673628
-14.2180524803039
1.87628857175933
-15.5336196794845
