vars
1.21002734085687
1.96194123937314
7.92184325860769
8.0111364196571
4.64278571808852
-6.7519980161166
10.4619765729695
3.9293172873097
5.30031749019437
-6.22781899976366
2.0748432414513
10.8881992416676
15.8466154601518
-12.8116780881852
-16.5671320392838
-5.04973537513301
10.7509144100195
-3.0333532781881
-17.7788554217172
5.89452399596981
6.0453142938563
-12.9134384884039
7.98855518619726
-4.73774368164895
-4.76632870514842
-11.5099966384377
10.5380698443781
-10.4698048735451
3.24478947219139
-0.710439934004438
-17.928738857429
9.53620401382292
2.51428503883864
8.83348977656136
0.404523660255545
6.19024578385434
7.534212299994
3.78060181031744
-7.92112000639315
-7.21692614036304
-2.23138049535373
11.7111078180585
-5.24196801128931
5.52548103064227
3.96425442618997
5.56437378721218
13.9310746196645
-13.57703335766
5.22360091586692
3.65248367868305
-2.42085826899407
-11.3798531638261
-12.7370954531795
