vars
1.01824991064408
19.3692698176998
-26.1221849338648
-5.5642543690013
-9.81948121229049
-18.3585217808053
-12.4485186200085
-0.89604948790358
4.5944818298344
-2.40826623131031
-10.2178277367341
5.91080046740022
16.0815428679431
1.21827808199462
-4.20636146705529
7.5810141369613
8.88869898927914
20.3132935248427
17.4114859361384
-2.37740415847385
-15.1212788463484
-2.55589194420712
3.28489835952358
-5.96659298512579
-11.4709511650419
-0.259827950263052
6.96968749458637
5.3719529945483
1.80955201034475
-1.28112916256238
-8.98507636825672
9.68106546560787
3.89148834491083
-10.9829339271825
-11.0503503433909
-4.68388240324923
6.6454996127889
-4.57961655031573
0.117568413527892
7.71349677170064
17.3141470129087
16.149155412369
11.8829635774386
16.4588822864623
3.60501726777688
-14.11595337937
15.8898241003673
-6.93572266162778
19.0105417246171
-10.1128597203969
-8.5258280230788
-18.7485712560083
