vars
0.00171864914017317
2.01805291884338
0.0215796412274742
-3.0090746533926
0.00610127338473817
-3.9979802933862
1.0092894068903
-0.0070164959928538
2.02081343870943
-0.0388895660060412
2.00246877406737
2.98268633879566
-0.0115078269409327
-4.98338367137854
5.98014127891133
-0.00317799364313388
1.03529846775228
2.00352927157805
0.01124360650384
9.99037639809744
-0.010631724835771
-0.00570804515651654
2.99840548467182
4.0042400379672
4.98200332366419
0.0417424934139106
-0.0325733035117743
-5.99523879614903
-7.98495519932328
-0.00910635216456638
4.95826433254413
-0.163546964913994
0.0206336585602411
-0.0389400534900286
0.0772372448342313
-0.0278372092437156
-0.0689892214292218
0.0577818453233903
-0.00339024882986827
-0.0281940938630374
0.0610288480845185
0.0401512738374006
-0.0838886982781855
-0.0345688548418241
0.0720438847201788
-0.0159655451070098
0.0485494964335711
-0.0285320182814788
0.157541230985519
-0.0317889194778873
0.0259620274458801
0.0878496115596459
0.000680779564333989
-0.037331275041665
-0.0905160760549624
0.113088737994523
-0.0457054282267393
-0.034675915186881
0.0264193726478492
-0.0748802856464632
0.0525765172764965
-0.0427082111270316
0.10312082112561
-0.0455597582574701
0.0780174933014788
-0.0684977472888928
-0.0459302080744894
0.00388579770406317
-0.0795428897267794
-0.0458150184752046
0.0174530910379742
0.0168348035927526
-0.0734219313607918
-0.0417958200931405
0.0101133284062378
0.0211047409653826
0.00700242107116722
0.0754143818176427
-0.0137531181629384
0.0929455250106894
-0.00166142282109583
