vars
0.896179541229838
1.7859553884696
14.3263400955197
-14.8300397368602
7.00873662491208
-1.95972859879731
11.4644139348292
-1.93902509892122
-21.7202561221439
18.9380465774055
-2.99852607857341
-16.5412482254532
2.32985592708119
0.502266489880741
11.9918775814079
27.8085819938822
-15.6793637547999
-8.02025979329664
21.7214103657659
9.17550429112305
-6.874583961846
3.1775235170102
-23.8804014072672
18.9343607101334
10.4856085959267
21.4040145242666
-9.17885704399559
6.45624078430978
1.46654287243493
20.3457222319974
-4.77977383230766
36.8361862770102
4.96608882779536
15.6011027355972
-0.237558777247683
1.88245301886428
-18.0489415317968
-6.22008107926206
-8.05106645882968
-10.813953749575
1.46509025461594
-4.77018703190585
12.8406718154955
-8.29062295713673
-12.253804253031
21.7369651519861
-17.8723103396383
-10.408745801251
14.184865843252
3.06542969670724
19.9178164595125
-8.25796654268105
-2.68737318475384
2.62415821085578
4.16169475666438
-4.83642107199473
-17.4435662149609
-4.78967291542487
-9.27395287107027
-2.43839651688021
-3.93165124867091
-1.96328295276098
4.72700049835098
-1.46611654537491
-1.40528250081419
1.79835779736059
6.24884863038928
9.22066038986002
-10.4293223492507
-8.32185242656858
2.93375528999336
-4.83544599562186
-13.9390989985273
-5.39383714275908
11.9269263136008
-11.8470479868265
-13.1646347003841
25.4365395924872
4.4905578762517
3.54994193997287
0.693275870757498
-7.49112798702263
-0.107204729722449
-15.2823393422347
9.50724556339235
1.04728771588641
6.57181375815632
-4.30134803177796
-12.1970127729338
3.79838475256626
-1.6785475142978
0.0142383784001563
4.43874283900841
-11.6997136142752
-8.61447674045441
-0.0254808129790565
10.3810709536398
-9.13978625969987
18.1219146298688
-7.19312231348333
-14.21806129141
1.87629549369474
-15.5336091448078
