vars
1.01835044861499
19.3692378104656
-26.119181531801
-5.56465577158338
-9.81964674768008
-18.3583211716332
-12.4497475127589
-0.896215774986171
4.59560596572411
-2.40582909222609
-10.2194699927219
5.91219391080309
16.0827188717093
1.21875186894369
-4.20498065312199
7.5802205759637
8.88828404567106
20.3135234057597
17.412365743968
-2.37780216881941
-15.1216417787032
-2.55528664577389
3.28175802448102
-5.9667327125035
-11.4728087863101
-0.256518446201692
6.96616210711106
5.37136919597182
1.80786570754393
-1.28025720063287
-8.98291642883
9.68069620378398
3.89263452700557
-10.9865892777523
-11.0508621027165
-4.68479252670704
6.64605585543012
-4.58100523214889
0.117091431675711
7.71347603531302
17.3150758916969
16.1489059665646
11.8843827073749
16.4585487671913
3.60570154267624
-14.1162278039033
15.8904416877825
-6.93561684344555
19.0087351947171
-10.1127865017409
-8.52409653086334
-18.7485759992975
