vars
1.21052848999585
1.96262145522716
7.92186977571302
8.00473914183582
4.64643164725265
-6.75146114391118
10.4683483214331
3.93270601707947
5.30350739658079
-6.22641625499321
2.08831582093998
10.8863429835078
15.8541285957222
-12.8187920357084
-16.5670649511749
-5.05307227424313
10.7497539397208
-3.0365432445041
-17.766402214031
5.89521706960771
6.04400082816579
-12.9035258625551
7.98049135419863
-4.74422926798866
-4.76416991230659
-11.5157157712387
10.5354030106764
-10.4830350638513
3.24350212013381
-0.710412413809486
-17.9305720833393
9.52167713142948
2.51675383082601
8.83197218886299
0.406183720247578
6.19306389390674
7.52804757772846
3.79279569624012
-7.92077775868981
-7.20779443705456
-2.22482057842969
11.7094052937602
-5.23407290340529
5.5275974081738
3.96199737550972
5.56071130282073
13.9263968234691
-13.58400353089
5.22240485855604
3.65564603343923
-2.41292946599411
-11.3830737214759
-12.7486564922309
